-1.8203	0.97644
-2.6519	1.4234
-1.6647	0.10355
-3.1274	1.0254
-2.1732	0.50213
0.62651	0.040348
2.8681	-0.23289
1.558	1.991
1.0879	-2.3079
-1.6098	-1.0104
-2.7027	0.73513
-0.57348	0.69061
1.9477	-1.2054
1.1102	0.75337
1.1956	-1.0841
-0.1226	-1.1864
0.059316	0.55402
0.0751	0.088573
2.1547	0.58292
2.6053	1.2033
2.4092	1.4273
1.837	-0.33424
-0.37432	1.2894
-0.28617	-0.088708
0.99468	-1.1831
1.2837	0.69054
-0.35503	0.51102
0.26048	-0.34754
-0.28578	-1.0041
-0.97576	-0.23207
-0.39448	-0.42403
1.1968	-1.0145
-0.18034	1.0981
-1.0342	1.8626
-0.3413	-0.75531
-0.4187	0.076712
0.72838	-0.39524
0.35716	2.1142
1.6272	0.8397
1.2419	2.7415
1.3326	-0.73069
0.80177	-0.067602
-0.25182	0.10101
0.043043	-0.70766
0.46592	-0.65808
-1.1585	0.51158
-0.45167	-0.51114
-0.46508	-2.7279
-0.26243	-0.428
-0.11868	-0.065388
0.3313	0.74545
0.46237	-1.5076
0.77892	-2.8328
-0.12234	-1.1147
0.78453	-0.82424
-0.26436	1.3139
0.88942	0.88684
1.5625	1.2842
0.32703	2.0629
0.90969	0.23881
-0.59518	0.82008
0.099403	-0.96623
-0.42757	-1.2854
-0.33396	-0.83452
-0.38975	0.21381
-0.13109	-0.12513
-1.5735	0.55979
-1.1395	1.1722
-0.13834	-0.64225
-0.99662	0.59642
-0.15307	-1.4211
-0.866	0.61355
-0.4209	-0.61921
0.17966	-1.9269
-0.38243	1.347
1.5115	-0.53201
0.59963	0.2661
0.22689	3.1658
-0.33378	1.4052
-0.49954	-0.91791
-0.97967	1.1543
-0.5959	-0.9202
-0.80174	-0.53906
-0.20506	-0.62972
0.0021918	-0.71613
-1.5141	-1.0693
-0.12928	-1.0825
-0.81067	-1.5979
-0.52188	-1.2692
-0.84546	0.83176
-1.4505	0.67496
-0.55128	-0.47861
0.35935	-0.5748
0.26102	1.5021
1.0671	0.25366
1.1645	-0.22227
0.79387	-0.52209
0.81429	-0.73817
-0.73426	-1.2738
0.55126	-1.6567
-0.88834	-0.80042
-0.53183	-0.43591
-0.87754	-1.4322
-1.3971	0.087873
-0.98658	-0.61969
-0.90912	-0.10101
0.079854	-1.0319
-0.52742	-0.31251
-0.079345	-0.91645
-1.1554	0.62891
0.49863	-0.89373
0.31223	-0.69171
-0.46791	0.48848
1.6712	-0.69966
1.4431	0.39005
0.91548	-1.1963
-0.85511	0.85457
-0.085846	-0.62131
-0.78245	-0.28716
-0.95671	-1.1842
-2.273	1.277
-0.77839	0.45638
-1.3167	-0.64319
-0.9689	0.3005
-0.70328	0.53899
-1.2582	0.1295
0.028902	-0.53039
0.3977	-0.85208
0.16665	0.85909
0.068982	0.37883
0.12143	0.023421
1.4746	0.35678
2.1863	0.81742
1.592	1.7374
0.0044082	1.6466
-0.17784	0.69849
0.82561	-1.4997
-0.51851	-0.74703
0.50317	0.097807
-0.35048	-0.55322
-0.62004	0.023325
0.29618	-1.2313
-0.99355	-0.16219
-0.80196	-0.19819
0.50971	-0.038167
-0.58656	1.5938
-0.33663	1.1819
0.72797	-1.1024
0.60871	0.87181
-0.15147	2.9108
2.0091	0.18411
1.7805	1.3304
1.7988	0.90886
1.6904	0.74849
0.20588	0.14477
-0.13594	1.2889
-0.14702	0.56809
0.5208	-1.4899
-0.46308	-0.11111
-0.68382	0.16616
-0.7103	0.57339
-0.045585	-0.47777
-0.56218	-0.14176
-1.89	0.049779
-1.0507	-1.2062
-0.79834	0.51016
-0.71096	2.35
-0.25994	0.87928
0.76284	-0.63189
-0.21661	1.328
0.86841	2.2697
0.71093	0.36067
0.48625	0.84961
0.7572	-0.67868
-0.14658	1.5107
0.13837	-0.52171
-1.1879	-0.08374
-0.065393	-0.076109
-0.061854	0.39165
-0.50274	0.93769
-0.035326	0.28034
-0.23904	-0.54552
-0.58732	0.065851
0.1639	-1.6299
-0.63255	0.01246
0.45845	-0.83919
1.2047	-0.058337
1.1715	-0.020164
1.1625	0.083587
0.59894	1.2508
0.89692	-0.060409
1.2117	-0.39344
-0.30627	0.33605
-0.41529	-1.4136
-0.64654	-0.11793
-0.38069	-0.53657
-0.8798	-0.55405
-0.26809	0.0041082
-0.3216	-0.77186
0.2647	-0.13715
-2.0771	0.61497
-2.6448	1.252
-1.8961	0.26321
-3.1383	1.1993
-2.2203	0.32642
0.86676	0.25707
3.4354	-0.52182
1.8824	1.9305
0.6166	-2.4287
-1.4179	-1.4228
-2.5309	0.84918
-1.1797	0.56999
1.9723	-1.8185
0.99059	0.49991
1.2798	-1.149
0.21492	-1.3897
-0.45357	0.73892
0.2345	-0.517
2.0369	0.79043
2.1921	1.6521
2.3876	1.652
1.825	-0.16978
-0.33778	0.7431
-0.53301	-0.84815
1.0616	-1.1983
1.4225	0.66189
-0.43304	0.60125
0.17349	-0.12286
-0.19775	-1.1969
-1.1507	0.24789
0.062384	-0.78085
1.227	-1.011
-0.38072	0.91549
-1.1215	2.162
-0.078196	-0.78539
-0.40915	0.11571
0.50765	0.056145
0.47928	1.9208
1.6252	0.86649
0.91662	3.0248
0.93435	-1.0204
0.8936	0.40444
-0.37128	-0.32487
-0.39111	-0.43184
0.69765	-1.2492
-0.79594	0.36272
-0.3796	-0.32357
-0.0049617	-2.5165
-0.35678	-0.18249
0.017215	-0.29585
0.84163	1.0994
0.49304	-1.2159
0.97898	-2.6386
-0.53367	-1.0662
0.76658	-0.6232
-0.011834	1.519
1.3533	1.0571
1.5164	1.6212
0.31749	1.9379
0.9377	0.49167
-0.11913	0.73956
0.098129	-0.96409
-0.52919	-1.0097
-0.25688	-0.64793
-0.41646	-0.19694
-0.53112	-0.052455
-1.2739	0.56853
-0.72222	0.94547
-0.44812	-0.48016
-0.62583	0.52913
-0.36019	-1.1813
-0.79697	0.28439
0.035619	-0.40151
0.19818	-1.7609
-0.063184	1.3047
1.3783	-0.64759
0.71161	1.2233
0.09779	2.6781
0.37527	1.4469
-0.36301	-1.0565
-1.1422	0.92088
-0.49593	-0.84177
-0.96595	-0.39379
-0.29419	-0.46685
-0.10565	-0.87966
-2.0337	-1.2553
-0.47712	-1.6218
-0.6591	-1.3922
-0.19834	-1.4076
-0.54678	0.37346
-1.6028	0.57922
-1.1913	-0.47816
0.55589	-0.73173
0.2565	1.4369
0.78276	0.36632
1.3306	-0.2871
0.98936	-0.29486
0.59773	-0.89666
-0.5337	-1.5089
0.65682	-1.5962
-0.98927	-0.41143
-0.68006	-0.37743
-0.9765	-1.2824
-1.491	0.02988
-0.56947	0.079755
-0.73995	-0.21827
-0.083882	-1.0831
-0.34451	0.26786
-0.17125	-1.3509
-0.59617	0.66536
0.55458	-0.66807
0.16367	-0.74668
-0.21919	0.66401
1.519	-0.68727
1.6621	0.8667
0.87742	-1.3667
-0.67973	1.2999
-0.37606	-0.87076
-0.5696	-0.36547
-0.67449	-1.5049
-2.226	0.89328
-1.1655	0.23849
-1.225	-0.85397
-0.80686	0.085247
-0.80992	0.46503
-1.0098	0.25336
0.039826	-0.88865
0.32582	-0.82905
-0.11955	0.67397
0.012782	0.025507
0.44559	-0.099361
1.3949	0.04676
2.1131	0.82448
1.5985	1.6151
0.41221	1.5986
-0.5183	0.51571
0.95254	-1.4625
-0.68978	-0.89198
0.84239	0.35487
-0.35886	-0.64148
-0.94302	0.0094868
-0.013119	-1.1937
-1.1905	-0.013436
-0.77558	-0.71911
0.33412	-0.41095
-0.66193	1.6757
0.013835	1.0179
1.1611	-1.2745
0.062324	0.68404
-0.40804	2.5775
2.2023	-0.28997
2.0966	1.2869
1.6453	0.81307
1.6328	0.52114
0.52463	0.10662
0.029813	1.0488
-0.13733	0.52397
0.58799	-1.2403
-0.75176	-0.14045
-0.89686	0.22537
-1.1939	0.29221
-0.36585	-0.76385
-0.43406	-0.32042
-2.0198	0.27359
-0.5315	-1.5979
-1.1333	0.20216
-0.70351	2.2817
0.0087326	0.84168
1.0023	-0.95013
-0.081853	1.3698
1.3152	1.8239
0.68481	0.60397
0.13358	0.9233
0.83806	-0.6004
0.0093029	1.5172
0.25567	-1.325
-0.99264	-0.47103
-0.094347	-0.2545
-0.29016	0.78456
-0.54435	1.0673
-0.018877	0.11761
-0.17181	-0.1675
-0.23779	-0.030859
0.35142	-1.4281
-0.51117	-0.35011
0.5909	-0.51116
1.0149	-0.15896
1.0246	0.34374
1.0774	-0.04423
0.73931	1.0692
0.67437	0.09894
1.6637	-0.4388
0.0043411	0.070581
-0.34328	-1.5387
-0.85103	-0.24335
0.13228	-0.89295
-0.90749	-0.12426
-0.23216	-0.29794
0.026223	-0.64549
0.004055	-0.055485
-1.9472	0.99197
-2.7534	1.3345
-2.0343	0.3167
-3.1451	1.3988
-2.2752	0.44871
0.38739	0.14002
2.7888	-0.2998
1.7676	1.8361
0.51677	-2.2934
-1.6065	-1.2108
-2.5554	0.58738
-0.64989	0.64112
1.8651	-1.5763
0.909	0.58081
1.1063	-1.2136
0.16628	-1.1207
0.014934	0.52275
-0.014766	-0.13599
2.1361	0.71913
2.3742	1.3748
2.2382	1.2537
2.1901	-0.25184
-0.33131	1.328
-0.2056	-0.26656
0.9413	-1.3998
1.167	0.63971
-0.51618	0.67793
0.3008	-0.24128
-0.43213	-0.95381
-1.4623	-0.38813
-0.39769	-0.70002
1.1176	-1.12
-0.13617	0.85602
-1.0597	1.8801
-0.50784	-0.31279
-0.44957	0.1552
0.62772	-0.24198
0.48415	1.7077
1.8599	0.81655
1.4807	2.8458
1.3893	-0.76624
0.75068	0.35232
-0.44514	-0.030268
0.099252	-0.44758
0.50646	-0.88529
-1.1275	0.45625
-0.31576	-0.46954
-0.10766	-2.4853
-0.15031	0.022428
0.16386	-0.01337
0.53781	0.76592
0.50305	-1.6802
0.72948	-2.4202
-0.045155	-1.0471
0.85047	-0.2375
0.02294	1.6459
1.1559	1.0075
1.4314	1.5353
0.60785	2.0013
1.3285	0.28821
-0.37492	0.87157
0.25114	-1.4012
-0.13969	-1.1285
-0.33486	-0.49259
-0.45846	0.021931
-0.55876	0.1466
-1.1799	0.48122
-1.2912	0.59395
-0.49314	-0.36092
-0.96659	0.60742
-0.035279	-1.3387
-0.65441	0.074461
-0.41423	-0.32656
0.66226	-1.6786
-0.35331	1.0998
1.424	-0.38121
0.75527	0.77451
0.42251	3.2209
0.19603	1.6053
-0.74529	-0.88573
-1.0048	0.82517
-0.34663	-0.79976
-0.55208	-0.41605
-0.25948	-0.4263
-0.12228	-0.83943
-1.6134	-1.1352
-0.38691	-1.3318
-0.53798	-1.2315
-0.45432	-1.6474
-0.90442	0.4501
-1.4935	0.23048
-0.82546	-0.69835
0.27138	-0.51896
0.16279	1.4869
1.0835	0.09271
1.5229	-0.59504
0.99276	-0.0047474
0.93738	-0.76656
-0.73795	-1.8668
0.23123	-1.5695
-0.92225	-0.5369
-0.76539	-0.21953
-0.70417	-1.2975
-1.6466	-0.14687
-0.42556	-0.4328
-1.3158	0.011277
-0.42861	-1.1623
-0.46727	0.15776
-0.02975	-1.7309
-1.1743	0.87403
0.08131	-0.67082
0.66777	-0.52986
-0.15521	0.63328
1.6713	-0.85731
1.5573	0.56151
0.77828	-1.1372
-0.74758	1.0806
-0.36776	-0.85981
-0.43655	-0.19393
-1.0647	-1.5591
-2.1602	1.0046
-1.1066	0.081735
-0.89747	-0.56541
-1.057	-0.073665
-0.75568	0.43516
-1.3062	0.10904
-0.10288	-0.96438
0.49135	-0.91601
-0.16858	0.38919
0.13819	0.25812
0.34419	0.31769
1.2858	0.35418
2.1536	1.0595
1.7397	1.3675
-0.33188	1.6085
-0.1651	0.78721
0.86799	-1.3125
-0.57124	-0.76109
0.55176	-0.133
-0.54375	-0.55024
-0.9927	0.14502
-0.13337	-1.3173
-1.2323	-0.38325
-0.61406	-0.74692
0.45089	-0.56027
-0.62993	1.952
-0.27946	1.2663
1.0522	-0.96231
-0.016891	0.51492
-0.44952	2.4185
2.2709	-0.12357
2.0399	1.1157
2.0815	0.90498
1.6824	0.99411
0.40862	0.21112
-0.53488	1.248
0.19386	0.53093
0.39453	-1.2971
-0.61662	-0.088682
-0.816	0.33694
-1.0096	0.51306
-0.088666	-0.84229
-0.81335	-0.52569
-1.93	0.25583
-0.63125	-1.1433
-1.2297	0.73112
-0.74177	2.4236
0.18952	0.67479
0.08753	-1.1199
-0.26959	1.8035
1.1587	1.9076
0.48262	0.3987
0.30991	0.96952
0.88342	-0.62531
-0.19335	1.7185
0.61113	-1.3244
-0.82134	-0.40113
-0.16186	-0.41651
-0.026978	0.56417
-0.28513	1.0469
0.12073	0.21479
-0.45823	-0.37925
-0.5305	0.28274
0.0075257	-1.5264
-0.55714	-0.19699
0.83224	-0.68174
0.69221	-0.10171
0.9615	0.12556
0.84458	0.27777
0.42219	1.3642
0.9064	0.24112
1.0574	-0.61145
-0.028118	0.17384
-0.12982	-1.4906
-0.65253	-0.017678
-0.38179	-1.1132
-1.0752	-0.18295
-0.16708	0.23415
0.0091824	-0.90474
0.17167	0.17702
-2.255	0.60937
-2.734	1.1334
-2.0309	0.31752
-3.2084	1.1377
-2.4191	0.48
0.40788	0.31064
3.165	-0.26865
1.7272	1.8286
0.6662	-2.7999
-1.4263	-1.3719
-2.4318	0.76736
-0.92283	0.90311
1.7966	-1.2245
1.0472	0.72353
1.0884	-1.3061
-0.16807	-0.96075
-0.21307	0.49853
0.47737	-0.44385
2.0616	0.59537
2.2524	1.4089
2.1591	1.6023
1.8381	-0.47602
-0.41353	1.0389
-0.03501	-0.86507
1.0062	-1.2305
1.2236	0.57971
-0.49722	0.74126
-0.03265	-0.16707
-0.41254	-1.4284
-1.014	-0.073902
-0.30133	-0.77215
1.3551	-0.8908
-0.15212	0.85578
-1.2454	1.9849
-0.54539	-0.4716
-0.44347	0.2633
0.5061	-0.24629
0.3776	1.6575
1.5365	1.1972
1.2758	2.8328
1.0478	-0.56869
0.73515	0.43204
-0.61605	0.34828
0.15673	-0.30438
0.39356	-0.44373
-0.88643	0.3022
-0.27319	-0.50808
-0.28152	-2.4815
-0.29273	-0.2443
0.1881	-0.21137
0.79262	0.74135
0.5613	-1.5334
1.0966	-2.1739
0.09552	-0.98196
0.90867	-0.59627
-0.074104	1.7271
0.73051	0.79841
1.6408	1.6061
0.14633	1.9577
1.2903	0.9687
-0.513	0.93184
0.30092	-1.0568
-0.50841	-1.0271
-0.31191	-0.77681
-0.43911	-0.26662
-0.28247	-0.51108
-1.1673	0.22319
-0.74847	1.1662
-0.22101	-0.37845
-0.76289	0.52278
-0.26654	-1.4462
-0.97407	0.59756
-0.34356	-0.52069
0.45132	-1.8116
-0.32169	1.0489
1.5897	-0.55051
0.77507	1.0754
0.13205	3.2169
-0.11155	1.3947
-0.44196	-0.86351
-1.1403	0.91344
-0.75609	-0.95132
-0.86644	-0.4217
-0.92472	-0.85031
-0.18406	-0.86926
-1.4948	-1.5396
-0.2688	-1.4105
-0.52797	-1.0749
-0.59503	-1.1964
-0.7447	0.47455
-1.534	0.40068
-0.51427	-0.34325
0.12754	-1.0315
0.36584	1.4985
0.79953	0.45623
1.5737	-0.66313
1.1956	-0.11824
0.80274	-0.34801
-0.93817	-1.8426
0.63355	-1.6927
-0.51449	-0.51098
-0.70146	-0.71793
-0.8339	-1.0389
-1.6115	-0.17728
-0.64402	-0.31489
-1.1006	-0.19018
-0.34965	-0.99933
-0.53174	0.14446
-0.23011	-1.5721
-1.0989	0.51937
0.29744	-0.68455
0.51787	-0.55981
-0.33433	0.57137
1.5996	-0.63056
1.273	0.63036
0.84514	-1.157
-0.62715	0.98198
-0.48249	-0.65245
-0.8121	-0.22958
-1.0492	-1.2301
-1.9537	1.0115
-1.142	0.15323
-1.1576	-0.78315
-1.2355	-0.11516
-0.60495	0.82325
-1.4115	0.28234
-0.010897	-0.96986
0.51197	-0.41677
-0.050589	0.79602
0.049676	0.043778
0.34613	0.062895
1.2967	0.29779
2.0971	0.68613
1.5399	1.5724
-0.05644	1.8836
-0.39102	0.51074
1.0195	-1.7318
-1.0461	-0.4676
0.76555	0.10763
-0.15631	-0.71177
-0.67415	0.05737
-0.15937	-1.6385
-1.0087	-0.30831
-0.34581	-0.41752
0.44036	-0.38944
-0.48629	1.9821
-0.33157	1.3936
0.86564	-0.97985
0.39677	0.44869
-0.022789	2.183
2.075	-0.23851
1.6181	1.2814
1.8944	0.78153
1.4566	0.71803
0.64396	0.28844
-0.50943	1.5209
-0.10583	0.59251
0.46407	-1.1954
-0.84894	-0.57873
-0.58995	-0.031362
-1.161	0.88996
-0.41327	-0.76034
-0.85723	-0.033012
-1.9714	0.63201
-0.75365	-1.296
-0.84601	0.85633
-1.0603	2.1715
0.047034	0.52139
0.41065	-0.71254
-0.32805	1.1539
0.94335	2.1052
0.86841	0.5732
0.33901	1.119
0.84119	-0.8645
-0.071254	1.6982
0.52195	-0.83094
-1.0912	-0.081814
-0.038858	-0.2697
-0.3447	0.73087
-0.66562	0.88812
-0.41897	0.35773
-0.21711	-0.47223
-0.87757	0.085168
0.2718	-1.2457
-0.42256	-0.7056
0.93985	-0.82121
1.1732	-0.18645
0.9969	0.28261
1.0141	0.022239
0.77919	1.3996
0.71413	-0.14361
1.1871	-0.57139
-0.45655	-0.18226
-0.36057	-1.1743
-0.83662	-0.19995
-0.16845	-0.94587
-0.98623	-0.034709
-0.049271	-0.15216
-0.021005	-0.75872
-0.21051	0.12582
-2.2457	0.51956
-2.9188	1.3585
-1.8993	0.46598
-3.2652	1.2265
-2.3987	0.17239
0.25812	0.099936
3.0265	-0.15016
1.6399	2.0453
0.92832	-2.2692
-1.6181	-1.3498
-2.3435	0.92963
-0.84126	0.70887
2.0455	-1.4401
1.0363	0.28334
1.1434	-1.2318
0.074497	-0.97135
0.12593	0.25134
-0.064742	-0.19191
1.9954	0.54713
2.497	1.0568
2.2362	1.5386
1.601	-0.44885
-0.26975	1.107
-0.51234	-0.92226
0.92896	-1.024
1.4031	0.66327
-0.41911	0.61785
-0.13292	-0.14859
-0.28033	-0.98183
-1.0483	-0.21453
0.013806	-0.47797
1.0392	-0.69852
-0.0092522	0.95844
-1.1418	1.8899
-0.25076	-0.62525
-0.68824	-0.01503
0.50266	0.072458
0.94301	1.9531
1.6509	0.79788
1.2356	2.6694
1.6396	-0.91038
0.42015	0.45043
-0.6112	0.18484
0.0014591	-0.46801
0.66418	-0.78481
-0.82717	0.17757
-0.68709	-0.77044
-0.15366	-2.707
-0.1104	0.2579
0.15357	0.081485
1.0166	1.0606
0.8173	-1.6079
0.85775	-2.4798
-0.2317	-1.0956
0.55817	-0.68667
-0.17434	1.8068
0.88548	1.0116
1.3742	1.6679
0.5193	1.9625
1.4249	0.57206
-0.55321	0.63458
0.0079525	-1.4777
-0.020598	-1.1346
-0.38705	-0.90802
-0.40695	-0.044612
-0.47602	-0.23781
-1.5788	0.67107
-0.92375	0.86449
-0.45801	-0.38803
-0.86124	0.68551
-0.0212	-1.2698
-0.73541	0.088254
-0.29211	-0.31777
0.62601	-1.9413
-0.056623	1.1678
1.4083	-0.46551
0.66637	0.63552
0.44357	3.3275
-0.081036	1.6763
-0.8119	-0.89215
-1.2295	0.648
-0.64478	-0.93707
-0.35285	-0.35014
-0.49901	-0.28615
-0.49766	-0.90014
-1.7435	-0.86617
-0.34931	-1.572
-0.77173	-1.2322
-0.58258	-1.5326
-0.70371	0.062036
-1.2168	0.34563
-0.64887	-0.17371
0.55658	-0.83341
0.20925	1.3467
1.2413	0.36291
1.3861	-0.44835
0.81649	-0.45316
1.1571	-0.57997
-0.52781	-1.535
0.53529	-1.3546
-1.1632	-0.40586
-0.57952	-0.38438
-1.0387	-1.0427
-1.4438	0.015657
-0.75588	-0.36716
-1.0181	-0.24147
-0.42954	-0.98428
-0.54184	0.37381
0.055734	-1.3659
-1.0269	0.5926
0.45814	-0.74607
0.10713	-0.37401
-0.50799	0.40444
1.5194	-0.72539
1.6188	0.4254
0.63356	-1.3996
-0.79834	0.8355
-0.38458	-0.57452
-0.48058	-0.37401
-1.2122	-1.633
-1.753	1.0371
-1.0448	0.5444
-0.92751	-0.7075
-0.91288	0.28591
-0.74918	0.34307
-1.2713	0.51797
0.19058	-0.97913
0.49541	-0.94526
-0.19517	0.69956
0.17023	-0.012027
0.46188	0.14333
1.2288	0.39273
1.9769	0.71508
1.75	1.7143
-0.057664	1.4702
-0.24955	0.6944
0.66977	-1.4552
-0.73971	-0.581
0.70616	0.50591
-0.24263	-0.57963
-0.76883	-0.071145
0.24474	-1.5368
-1.3733	-0.50691
-0.71812	-0.23157
0.32456	-0.033872
-0.53831	1.855
-0.13099	0.89183
1.0023	-1.0473
-0.30513	0.43094
-0.58457	2.3773
2.2194	-0.35012
1.9339	1.5044
1.7602	1.2639
1.6893	0.83492
0.74114	0.11333
-0.46169	1.0481
-0.20608	0.45689
0.63542	-1.392
-0.7573	-0.25709
-0.55288	0.20663
-1.2091	0.67865
-0.2181	-1.1311
-0.59115	-0.52871
-1.7423	0.40915
-0.87294	-1.0399
-0.77672	0.20594
-0.70073	2.1684
0.15577	1.0401
0.46728	-0.75345
-0.31266	1.512
1.327	1.778
0.86031	0.47793
0.60805	0.70422
0.84263	-0.21981
0.46598	1.8112
0.11867	-0.67948
-1.0309	-0.35997
-0.34447	-0.29219
-0.1767	0.42933
-0.4494	0.80434
-0.17018	0.45712
-0.10338	-0.21785
-0.72776	-0.1272
0.32157	-1.428
-0.43207	-0.15801
0.76994	-0.65779
0.92499	-0.554
1.4253	0.35999
0.99113	0.19704
0.78559	1.5445
0.58104	-0.22294
1.0199	-0.47145
-0.17766	0.067111
-0.83638	-1.3531
-0.80401	-0.017971
-0.30782	-0.96709
-0.99678	-0.53047
-0.16288	-0.28486
-0.51751	-0.91907
0.1924	0.25202
-2.0957	0.5812
-2.6651	1.4243
-1.6644	0.32734
-3.2921	0.70802
-2.4518	0.37571
0.48419	0.056238
2.7927	-0.37665
1.7581	1.9152
0.60499	-2.4164
-1.5669	-1.0783
-2.3159	0.92619
-1.0772	0.59034
1.9181	-1.3796
1.0631	0.89683
1.6004	-1.3283
-0.17662	-1.3925
-0.32877	0.35093
0.35903	-0.1305
1.7378	0.86559
2.3934	1.5421
2.1024	1.3525
2.0681	-0.38964
-0.23388	1.1618
-0.51506	-0.73531
1.0115	-0.97332
1.2346	0.42503
-0.43194	0.51836
-0.051054	-0.19488
-0.43569	-0.98368
-1.2183	0.02545
-0.18573	-0.45816
1.2773	-1.1625
-0.16716	0.82657
-1.0088	2.1609
-0.42683	-0.34528
-0.51126	0.22454
0.27462	-0.17354
0.32412	2.2017
1.5161	0.87944
1.4823	2.7705
1.387	-0.90406
0.82292	0.37647
-0.75444	0.033975
0.2135	-0.4326
0.6568	-0.62839
-0.82588	0.24285
-0.43098	-0.67465
-0.18999	-2.8767
0.069818	-0.25891
0.016121	-0.23741
0.76422	0.71561
0.86613	-1.2981
1.0498	-2.2035
-0.044253	-1.0343
1.1196	-0.5516
0.17679	1.3371
0.98689	0.73438
1.454	1.5259
0.098817	2.1737
1.0707	0.72655
-0.30311	0.6892
0.27309	-1.3848
-0.48081	-0.8312
-0.15757	-0.6432
-0.44814	-0.0019252
-0.39579	-0.40448
-1.1944	0.60305
-1.1019	1.0052
-0.64934	-0.50016
-0.76611	0.60993
-0.2435	-1.3512
-1.1927	-0.25046
0.087414	0.063201
0.58869	-1.7766
-0.11939	1.264
1.3465	-0.71886
0.49237	0.89074
0.20795	2.9805
-0.24798	1.4119
-0.38758	-1.1201
-1.2488	0.9661
-0.37826	-0.995
-0.81414	-0.27009
-0.76104	-0.40606
-0.25774	-0.6693
-1.5306	-1.28
-0.51564	-1.5507
-1.1385	-1.7406
-0.62554	-1.3123
-0.69947	0.35773
-1.4178	0.47893
-0.84077	-0.39847
0.42337	-0.79541
0.20618	1.1642
1.182	0.14909
1.178	-0.55857
0.90702	-0.23962
0.951	-0.57807
-0.47613	-1.7789
0.60922	-1.386
-1.3909	-0.59675
-0.30735	-0.6024
-0.72913	-1.086
-1.3591	0.07679
-0.8542	-0.46359
-1.0938	-0.24835
-0.10135	-0.86933
-0.54468	-0.16713
-0.079056	-1.664
-1.1746	0.65417
0.1444	-0.5508
0.22905	-0.73836
-0.37088	0.4025
1.5487	-0.81133
1.4202	0.38881
1.0345	-1.4897
-0.43102	0.83253
-0.4534	-1.2701
-0.56237	-0.61187
-1.1568	-1.3805
-1.7874	1.0507
-1.2205	0.21254
-1.344	-0.97994
-0.77321	0.063994
-0.60239	0.59402
-1.5032	0.84547
-0.33272	-1.0771
0.41081	-0.97676
-0.052555	0.75663
0.1944	-0.22171
0.49667	-0.063429
1.3498	0.33392
1.9159	0.63718
1.7385	1.7229
-0.20474	1.3886
-0.088689	0.89655
0.7255	-1.3348
-0.55589	-0.88013
0.65035	0.15199
0.088581	-0.80053
-0.92216	-0.28832
0.31244	-1.5721
-1.1346	-0.22775
-0.57458	-0.28727
0.37794	-0.42991
-0.83846	1.8892
0.011413	1.1731
1.1796	-0.80143
0.34067	0.61227
0.088483	2.5457
2.1402	-0.28675
2.0152	1.4519
1.6058	0.83846
1.5715	1.013
0.53705	0.29705
-0.62343	0.98359
-0.39778	0.78352
0.35332	-1.2281
-0.81548	-0.097556
-0.62437	0.46676
-1.1661	0.70534
-0.25982	-0.88939
-0.52382	-0.2608
-1.8422	0.42294
-0.89528	-1.1118
-0.87954	0.47751
-0.79375	2.143
-0.070889	0.93131
0.4662	-0.91058
-0.37759	1.1489
1.223	1.7627
0.77963	0.78612
0.32661	1.1732
0.51751	-0.56933
-0.035222	1.6294
0.45798	-0.72355
-1.0946	-0.23882
-0.41364	-0.34187
-0.19506	0.38989
-0.64867	0.95701
-0.11465	0.50082
-0.54133	-0.47284
-0.59078	0.0063256
0.32869	-1.443
-0.65314	-0.59592
0.82429	-0.7284
1.0842	-0.31085
1.0924	0.094436
1.2163	-0.086059
0.74337	1.1932
0.60964	-0.021822
0.74415	-0.27001
0.091683	-0.0010466
-0.43543	-1.5132
-0.90022	-0.1219
-0.0042851	-0.9436
-0.70168	0.11657
-0.50982	-0.1658
-0.21261	-0.92206
0.09492	-0.051594
-1.887	0.77638
-2.689	1.3995
-1.7658	0.27831
-3.2642	1.2773
-2.4351	0.15437
0.27083	0.08205
2.9684	-0.10999
1.2613	1.8282
0.64104	-2.7932
-1.5496	-1.035
-2.3437	0.72537
-0.91498	0.83877
2.077	-1.0276
0.99601	0.74002
1.1815	-1.4649
0.10276	-1.4281
0.17554	0.41195
0.28363	-0.2312
1.906	0.70401
2.7081	1.3528
2.5394	1.7017
1.5294	-0.36017
0.18833	1.1386
-0.66249	-0.89341
1.1738	-1.2506
1.1646	0.61321
-0.40422	0.5128
-0.17838	-0.02853
-0.21435	-0.887
-0.91195	-0.032076
-0.23673	-0.53364
1.1289	-1.3349
-0.17874	0.77174
-0.95897	1.9607
-0.32954	-0.33372
-0.27489	0.2186
0.72585	0.11929
0.33661	1.8302
1.3067	0.57979
1.7212	2.1984
1.2792	-0.49853
1.0558	0.059825
-0.32589	0.16517
-0.18168	-0.21674
0.73912	-0.82635
-0.76225	0.35491
-0.57588	-0.4495
-0.33531	-2.6266
0.34894	0.24295
0.20826	0.0021524
0.97735	1.1827
0.533	-1.471
0.79233	-2.4799
-0.35177	-1.4875
0.82568	-0.71603
-0.34808	1.5379
0.7396	0.79965
1.4509	1.5759
0.56806	1.975
1.1745	0.84356
-0.61179	0.61913
0.50424	-1.2893
-0.093031	-1.207
-0.75684	-0.81029
-0.22512	0.018486
-0.34691	-0.41561
-1.3419	0.11226
-0.99803	0.96805
-0.48092	-0.32214
-0.73131	0.63678
-0.14305	-1.5351
-0.80561	0.39636
-0.3996	-0.10592
0.25684	-1.8951
-0.12308	1.3314
1.4086	-0.36408
0.71417	0.73206
0.38869	3.4197
-0.032315	1.3939
-0.67433	-0.81117
-1.1833	1.0693
-0.46109	-0.85563
-0.68956	-0.42557
-0.62785	-0.72176
-0.24257	-0.51833
-1.6835	-1.2578
-0.53782	-1.7013
-0.58992	-1.4725
-0.34023	-1.3757
-0.85731	0.34804
-1.4143	0.40534
-0.91161	-0.74813
0.54072	-0.93824
0.33161	1.5598
0.93412	0.26394
1.2212	-0.2481
1.1522	-0.27939
0.65087	-0.70469
-0.56048	-1.5509
0.76263	-1.6152
-0.91668	-0.73332
-0.32775	-0.14324
-0.76184	-1.2874
-1.5666	-0.28658
-0.50807	-0.42719
-1.3644	-0.041501
-0.036034	-1.0936
-0.61039	0.09488
-0.11612	-1.4316
-0.97725	0.36851
0.47866	-0.92164
0.38744	-0.71089
-0.10982	0.56853
1.7006	-0.6137
1.4714	0.64375
1.0845	-1.381
-0.91235	0.92652
-0.54476	-0.73312
-0.55426	-0.3898
-0.97311	-1.5868
-2.0766	1.1207
-0.94093	0.097443
-1.13	-0.96299
-0.89445	0.0083891
-0.7715	0.56387
-1.0429	0.19987
0.14431	-0.57012
0.79289	-0.80808
-0.27539	0.59767
0.056712	0.23848
0.24453	-0.00050873
1.2031	0.33319
1.8785	0.91538
1.5101	1.7601
0.13711	1.508
0.0892	0.89559
0.8689	-1.5818
-0.6652	-1.05
0.67113	0.10968
-0.10757	-0.78061
-0.83923	0.37505
-0.0275	-1.4695
-1.0107	-0.1551
-0.53539	-0.45113
0.066915	-0.25022
-0.58683	1.7482
-0.047946	0.8842
0.90614	-0.78183
0.24542	0.54377
-0.10069	2.3742
2.2717	0.13833
2.0226	1.3892
1.9083	0.95678
1.418	0.87561
0.6991	0.077568
-0.58401	1.0611
-0.14714	0.49264
0.28969	-1.4608
-1.031	-0.24951
-0.92682	-0.035087
-1.0916	0.92486
-0.24642	-0.70013
-0.44427	-0.2784
-2.0661	0.50992
-0.5919	-1.07
-1.1585	0.62707
-0.46769	2.3901
-0.22365	0.76543
0.43446	-1.0261
-0.12612	1.0279
1.1503	2.0285
0.66984	0.32554
0.39831	0.99997
0.54779	-0.53301
-0.15344	1.5916
0.33163	-0.9461
-1.1154	-0.27331
-0.46982	-0.28919
-0.10127	0.49651
-0.40488	0.81052
-0.17193	0.43264
-0.35814	-0.44855
-0.45586	-0.027383
0.17472	-1.2551
-0.57096	-0.18843
0.88599	-0.86748
1.2473	-0.25369
1.334	0.32369
0.92098	0.4033
0.62439	1.3056
0.69527	0.0039066
0.87713	-0.8477
-0.39837	0.21559
-0.72648	-1.6787
-0.71977	-0.29024
-0.12513	-1.1696
-1.0711	0.0080727
-0.25147	-0.50818
-0.13757	-0.54058
0.30682	0.41058
-1.9859	0.85178
-2.5122	1.4715
-1.8633	0.32811
-3.2905	1.1552
-2.4172	0.5058
0.59495	0.21604
2.8	-0.075936
1.4884	2.1281
0.73187	-2.4582
-1.5692	-1.2738
-2.1741	0.88323
-1.1419	0.43763
1.9715	-1.1228
1.0668	0.49337
1.5179	-1.1113
0.023785	-1.2437
0.036041	0.57091
0.10079	-0.14083
1.8553	0.60985
2.2124	1.3768
2.1985	1.7747
1.8869	-0.23724
-0.32984	0.91928
-0.42005	-0.43422
1.0462	-1.2082
1.0628	0.76023
-0.54214	0.70758
0.088982	-0.36416
-0.36047	-0.67937
-0.98812	-0.10545
-0.15761	-0.90957
1.0108	-0.82229
-0.012489	0.55716
-0.92545	1.9153
-0.25821	-0.78866
-0.28275	0.17779
0.43264	-0.077325
0.59366	1.9412
1.4669	0.3726
1.3548	2.4531
1.1768	-1.0407
0.5041	0.41837
-0.62146	0.22158
-0.37341	-0.3586
0.48479	-1.1022
-1.0028	0.62359
-0.48477	-0.3676
-0.36406	-2.4372
-0.57696	-0.19568
0.046262	-0.12861
0.97304	1.0095
0.53315	-1.5788
0.82079	-2.5223
-0.22156	-0.94255
0.86754	-0.54
0.38146	1.6026
1.0029	0.91017
1.6379	1.3879
0.34056	2.1197
1.0088	0.70881
-0.24542	0.56582
0.058943	-1.376
-0.41779	-1.0331
-0.45882	-0.82942
-0.30606	0.15024
-0.1155	-0.28778
-1.5388	0.6489
-1.3444	1.0188
-0.48911	-0.49537
-0.89814	0.70664
-0.15615	-1.1552
-0.69609	0.22155
-0.55735	-0.21162
0.36179	-2.0153
-0.30641	1.381
1.3391	-0.55961
0.98495	0.73204
0.60731	3.0617
0.010336	1.594
-0.305	-0.9761
-1.0985	0.80974
-0.77482	-0.92645
-0.62974	-0.043369
-0.32549	-0.83631
-0.32754	-0.87307
-1.5636	-1.3986
-0.13837	-1.5339
-0.71825	-1.5209
-0.34808	-1.24
-0.85711	0.34199
-1.1435	0.58334
-0.80231	-0.28549
0.58217	-0.59381
0.15456	1.5129
0.92138	0.37617
1.4112	-0.27432
0.89154	-0.16242
0.56453	-0.64823
-0.55615	-1.6159
0.74578	-1.5848
-0.79415	-0.53412
-0.40765	-0.37179
-0.92924	-1.0966
-1.4826	0.15656
-0.70802	-0.33576
-1.0887	0.11544
-0.15362	-1.1349
-0.50483	0.1037
-0.12365	-1.2533
-1.2264	0.71876
0.28562	-0.91565
0.55511	-0.68371
-0.24749	0.46592
1.3591	-0.83508
1.7072	0.69812
0.79928	-1.5506
-0.60568	1.0358
-0.33419	-0.6971
-0.73732	-0.44507
-1.1773	-1.4676
-2.2354	0.81838
-0.89591	0.38431
-1.038	-0.53871
-1.0605	0.40782
-0.87768	0.78543
-1.2046	0.1961
0.048188	-0.86868
0.067235	-0.88751
0.01413	0.40318
0.1893	0.064425
0.19887	-0.077601
1.1714	0.077218
1.9893	0.64729
1.9229	1.8968
0.088052	1.6379
-0.3123	0.51518
0.75896	-1.3374
-0.79494	-0.52942
0.73357	0.074029
0.038341	-0.60628
-0.58865	-0.071302
-0.13666	-1.4639
-1.2408	-0.12288
-0.50319	-0.059195
0.07014	0.19747
-0.36187	1.9269
-0.36301	1.0774
1.0297	-0.87434
0.33167	0.10049
-0.13998	2.0993
1.9478	-0.20918
1.8644	1.2785
1.9788	1.0692
1.5773	0.7893
0.59458	0.038616
-0.64877	1.0177
-0.26791	0.17321
0.67872	-1.4177
-0.7776	-0.25849
-0.737	-0.19357
-0.92957	0.68441
-0.25225	-0.6936
-0.65561	0.04088
-1.9372	0.40422
-0.68014	-1.0354
-1.0549	0.52894
-0.21772	2.0458
0.0033588	0.36196
0.59669	-0.98104
-0.096881	1.5012
1.1493	2.0165
0.87262	0.21191
0.35551	1.1932
0.89349	-0.97713
-0.22616	1.8306
0.57319	-0.90674
-0.9966	-0.035966
-0.3551	-0.11286
-0.20647	0.78542
-0.78089	1.1224
-0.22293	0.33406
-0.48985	-0.41687
-0.57877	-0.0022348
0.57743	-1.4708
-0.5398	-0.31448
0.79622	-0.64401
0.96216	-0.11852
0.931	0.099393
1.0568	0.12776
0.79596	1.3642
0.71308	-0.031621
1.3537	-0.37282
-0.3814	0.10001
-0.38879	-1.5259
-0.79473	-0.33733
0.10536	-1.0902
-0.95686	-0.26111
-0.2243	-0.52363
0.029749	-0.61865
0.48465	0.037382
-2.2658	1.11
-2.8911	1.1026
-2.0817	0.077873
-3.8022	1.013
-2.4065	0.5094
0.94266	0.32332
2.8454	-0.33392
1.4201	2.1606
0.84279	-2.5595
-1.5121	-1.1688
-2.6653	0.81785
-0.86469	0.86016
2.1173	-1.1924
1.1754	1.0053
1.303	-1.5827
-0.11028	-1.1022
-0.11535	0.11569
0.17986	-0.21684
1.8721	0.42921
2.1145	1.5115
1.9845	1.4102
2.0339	-0.50154
0.088071	0.94344
-0.10413	-0.6206
1.2487	-1.279
0.8346	0.28772
-0.85544	0.58899
-0.10742	-0.040834
-0.34788	-0.86623
-0.81116	-0.11213
-0.034172	-1.0504
1.1762	-0.95863
-0.30203	0.78954
-1.2548	2.2223
-0.1385	-0.48238
-0.97343	0.2434
0.80544	-0.29222
0.40901	1.9236
1.616	0.83665
1.1629	2.7664
1.2557	-0.77376
1.0341	0.33243
-0.45313	-0.29742
0.091956	-0.60833
0.4549	-0.8648
-0.93255	0.2886
-0.61188	-0.72563
-0.63065	-2.3319
0.041347	-0.26155
0.40694	-0.62987
0.74497	0.9894
0.51917	-1.5139
0.74358	-2.7563
-0.10131	-1.2567
1.0247	-0.46117
0.1718	1.4977
0.83185	0.77759
1.2304	1.4533
0.29604	2.0329
1.1314	0.41164
-0.23079	0.9962
-0.039231	-1.3283
-0.66597	-1.1014
0.1475	-0.87385
-0.34213	-0.20238
-0.33654	-0.11941
-1.5597	0.25208
-0.60739	1.086
-0.31231	-0.24673
-0.62358	0.44074
-0.31149	-1.0872
-0.93745	-0.039727
-0.064979	-0.46048
0.10613	-1.9445
-0.057988	1.3277
1.3999	-0.64414
0.51156	1.0078
0.41091	3.3168
0.14136	1.6992
-0.50872	-0.67995
-1.3194	0.9499
-0.65687	-1.1785
-1.0085	-0.42482
-0.21215	-0.55841
0.041615	-0.74139
-1.8579	-1.4615
-0.2932	-1.7581
-0.74106	-1.3967
-0.31828	-1.6423
-0.91512	0.44939
-1.4763	0.70792
-1.042	-0.1331
0.27953	-0.9629
0.27665	1.4844
1.245	0.34152
1.2258	-0.33231
0.73328	-0.25297
0.72503	-0.8788
-1.0841	-1.5008
0.92678	-1.497
-0.8869	-0.73486
-0.49222	-0.53219
-0.80143	-1.1385
-1.3489	0.35621
-0.77476	-0.64048
-0.82325	-0.41737
-0.13075	-0.83277
-0.63775	-0.14675
-0.089819	-1.5346
-0.84986	0.83207
0.28432	-1.1045
0.37302	-1.0382
-0.44695	0.6423
1.6709	-0.58206
1.3233	0.67011
0.69632	-1.3757
-0.86691	0.86667
-0.30547	-0.63835
-0.78381	-0.30412
-0.93983	-1.3835
-1.829	1.0868
-0.88601	0.43856
-1.2413	-0.40419
-1.3355	0.20439
-0.93595	0.53967
-1.2069	0.32419
-0.39775	-0.86203
0.33936	-0.93416
-0.20444	0.85524
0.4287	0.31861
0.17287	0.42183
1.46	0.013359
2.2953	0.78069
1.7233	1.7249
0.021867	1.7349
-0.24706	0.50825
1.2418	-1.4374
-0.81871	-0.84133
0.76251	0.26577
-0.076987	-0.56328
-0.80681	0.35286
0.35146	-1.5897
-1.1416	-0.33438
-0.44688	-0.64427
0.43705	0.15717
-0.5077	1.8954
-0.54803	1.2204
0.81459	-1.0159
0.005945	0.32955
-0.34779	2.1735
1.9583	-0.12178
1.9189	1.4665
1.7411	0.74305
1.5675	1.0014
0.53005	-0.00054848
-0.35815	1.2463
-0.19269	0.48222
0.91596	-1.2137
-0.93271	-0.27255
-0.71109	0.13117
-1.1296	0.27821
-0.329	-0.94279
-0.76344	-0.66333
-1.9406	0.27273
-0.80448	-1.1693
-1.0356	0.42827
-0.32287	2.5005
-0.16115	0.64141
0.8298	-0.93733
-0.36752	1.4359
0.90376	1.9505
0.85083	0.44578
0.29747	0.9685
0.83137	-0.68004
-0.12061	1.7539
0.046077	-0.88269
-1.0047	-0.062916
0.057339	-0.28794
-0.18775	0.67512
-0.54445	1.1099
0.2613	0.44498
-0.44552	-0.33055
-0.36774	-0.22383
0.57456	-1.1512
-0.39689	-0.45995
0.68084	-0.67537
1.1344	-0.42776
0.75396	0.27522
1.0057	0.21489
0.37324	1.233
0.93799	-0.054355
1.5362	-0.30095
-0.29866	0.082053
-0.55106	-1.5026
-0.41141	-0.34022
0.022207	-0.91963
-0.8219	-0.24696
-0.063424	0.22529
-0.067084	-0.58166
-0.15073	0.061213
-2.1808	0.99398
-2.6612	1.2892
-1.8695	0.38044
-3.4783	0.98909
-2.4255	0.44436
0.62858	-0.040977
2.8549	-0.51823
1.6681	2.1316
0.63987	-2.8282
-1.5845	-0.84167
-2.1214	0.69652
-1.1797	0.86173
1.8891	-1.3174
0.76598	0.82464
1.1979	-1.4039
0.34767	-0.78057
-0.12964	0.41168
0.27183	0.057958
1.7243	0.7815
2.0534	1.6063
2.2968	1.0951
2.0273	-0.45131
0.15474	0.75859
-0.38357	-0.72769
1.0815	-1.1901
1.5436	0.79445
-0.63875	0.6278
0.3692	-0.31515
-0.40821	-1.035
-0.88636	0.11394
-0.29859	-0.64614
1.1058	-1.0382
-0.22823	1.1291
-1.1901	2.2117
-0.53223	-0.62869
-0.66687	-0.14711
0.30575	-0.34314
0.63285	1.7558
1.5658	1.0086
1.3743	2.6397
1.4023	-0.61022
0.81192	0.2976
-0.38577	0.01491
-0.079178	-0.26095
0.092297	-0.60918
-0.95256	0.30576
-0.72838	-0.21531
-0.41057	-2.4071
-0.23964	-0.076042
0.23978	-0.50618
0.43025	0.83845
0.99907	-1.4695
0.93263	-2.5539
-0.12788	-0.84279
0.86005	-1.0325
0.071498	1.2584
1.2684	1.0239
1.6194	1.4031
0.46079	2.2313
1.208	0.50929
-0.44065	0.46161
0.2669	-1.3451
-0.53787	-1.1218
-0.31876	-0.98486
-0.39401	0.18156
-0.16347	-0.31373
-1.5571	0.71834
-0.6531	1.1318
-0.53265	-0.7161
-0.8333	0.65065
0.076871	-1.3331
-0.78446	0.56078
0.28178	0.027593
0.55508	-1.9402
-0.32744	0.98223
1.171	-0.6146
1.0088	0.90182
0.25565	2.7562
0.076427	1.6604
-0.30938	-0.79801
-1.0667	1.0206
-0.5207	-1.0982
-0.69558	-0.3748
-0.64697	-0.28225
-0.22024	-0.685
-1.6616	-1.0845
-0.19578	-1.7166
-0.8633	-1.3262
-0.75013	-1.0911
-0.86123	0.38035
-1.2759	0.49754
-0.74995	-0.28454
0.61736	-0.54922
0.31475	1.4386
0.96462	0.069799
1.4402	-0.57234
0.81982	-0.46654
1.0462	-0.73625
-0.63637	-1.9089
0.48693	-1.4587
-1.2375	-0.64532
-0.92523	-0.51795
-0.66986	-1.0179
-1.5207	-0.14103
-0.90078	-0.40266
-0.95998	-0.12296
-0.15692	-1.0379
-0.50161	-0.11105
0.0176	-1.3084
-1.0794	0.40162
0.41466	-0.819
0.54761	-1.0522
-0.22612	0.61905
1.5513	-0.51724
1.4009	0.71329
0.74861	-1.3995
-0.56946	1.1735
-0.29552	-0.90774
-0.66223	-0.25566
-0.93314	-1.3998
-2.0203	0.86493
-0.7887	0.11839
-0.77723	-0.73977
-1.0162	0.067939
-0.75456	0.54889
-1.1806	0.46598
0.17855	-0.91545
0.31591	-0.75831
0.051937	0.75675
0.10413	0.021488
0.43115	0.026425
1.4827	0.43064
2.3302	0.82299
1.6512	1.9691
-0.23764	1.6455
-0.19127	0.76503
0.61731	-1.4888
-0.70861	-0.82316
0.62083	-0.10246
-0.32151	-0.44841
-0.75052	0.052435
0.24914	-1.5117
-1.0776	-0.17025
-0.59423	-0.30568
0.32263	-0.0093016
-0.69704	2.0579
-0.31637	1.4409
1.264	-0.81304
0.28834	0.64841
-0.15254	2.429
1.9696	0.020575
1.9618	1.2856
2.1306	0.75834
1.605	0.93077
0.40704	0.19331
-0.58643	0.93249
-0.2881	1.0111
0.17741	-1.3624
-0.30184	-0.23068
-0.87483	0.048273
-0.86857	0.5161
-0.44911	-0.73447
-0.83863	-0.45505
-1.8642	0.24002
-0.64702	-1.1649
-1.0644	0.76038
-0.42528	2.1967
-0.29048	0.90462
0.64996	-0.92707
-0.32335	1.2666
0.98922	1.9698
0.4389	0.44673
0.33638	0.8889
0.79624	-0.59542
-0.053393	1.8465
0.29605	-0.73671
-0.78294	-0.61991
-0.60135	-0.47755
-0.071454	0.53244
-0.68269	0.91588
-0.0018226	0.54565
-0.44781	-0.32589
-0.45953	-0.21506
0.31517	-1.0683
-0.46516	-0.3949
0.62505	-0.75299
1.1158	-0.13095
1.1468	0.021584
0.83295	-0.03226
0.6961	1.3538
0.71138	0.0085955
1.4892	-0.72787
-0.25336	0.27377
-0.33377	-1.2335
-0.73103	-0.23595
-0.1251	-0.66174
-0.80004	-0.089544
0.0085884	0.091176
-0.11009	-0.78408
0.13044	0.31944
-1.8745	0.72447
-2.7516	1.4266
-1.877	0.48039
-3.2969	0.91529
-2.0916	0.29582
0.69086	0.053362
3.2467	-0.0062782
1.4354	1.9749
0.71812	-2.2613
-1.3883	-1.0336
-2.213	0.72895
-1.2041	0.83683
2.065	-1.2379
0.83422	0.61576
1.5802	-1.6028
0.4747	-0.93558
0.03365	0.3003
0.2111	-0.16565
1.8941	0.27101
2.3074	1.2825
2.1758	1.2398
2.1762	-0.68437
-0.17141	0.95093
-0.3863	-0.90132
1.4395	-1.0007
1.6468	0.48539
-0.47405	0.79684
-0.019741	-0.02429
-0.099819	-1.0137
-0.85888	0.04151
-0.31408	-0.39621
1.347	-0.47043
-0.11003	0.60366
-1.1311	2.3954
-0.20408	-0.45921
-0.67229	0.48548
0.28568	-0.13297
0.60807	1.8301
1.6293	0.60795
1.3882	2.6213
1.2203	-0.62635
0.74776	0.71974
-0.42181	0.11417
-0.13773	-0.54372
0.53931	-0.634
-0.88403	0.20008
-0.34011	-0.37112
-0.10275	-2.262
-0.031248	-0.14559
0.0742	-0.33664
0.67731	0.6655
0.90921	-1.6215
0.95094	-2.5213
0.32467	-0.89734
0.76343	-0.71046
0.052566	1.2595
0.93408	1.0794
1.4993	1.3357
0.19041	1.5713
1.0682	0.66265
-0.43665	0.79441
0.094787	-1.2518
-0.22965	-0.86259
-0.44386	-0.75028
-0.33119	-0.012354
-0.32496	-0.18188
-1.3797	0.42759
-0.99492	0.90886
-0.3016	-0.56492
-0.8333	0.80085
-0.17323	-1.2845
-0.66563	0.36523
-0.24575	-0.26099
0.45194	-1.7072
-0.11478	1.0254
1.0703	-0.40993
0.66025	0.85494
0.055686	3.048
0.018016	1.4508
-0.6391	-0.31377
-1.0762	0.99871
-0.56552	-1.0243
-0.73608	-0.57798
-0.53741	-1.0078
-0.34317	-0.49419
-1.5329	-1.1638
-0.073225	-1.2673
-0.69883	-1.2056
-0.60268	-1.41
-0.70341	0.62288
-1.2928	0.29971
-0.68931	-0.66714
0.20296	-0.86785
0.16446	0.77589
1.0942	0.40528
1.2421	-0.4855
0.92659	-0.28437
0.41833	-1.0925
-0.90454	-1.7311
0.43617	-1.3869
-0.67916	-0.60106
-0.27022	-0.33446
-0.97307	-1.1705
-1.401	-0.031238
-0.69072	-0.28601
-0.74152	-0.09747
-0.48493	-1.3969
-0.49426	-0.19124
-0.057081	-1.3327
-1.0432	0.51621
0.28629	-0.81182
0.32549	-0.62561
-0.33256	1.0155
1.3744	-0.84108
1.2826	0.62886
0.74559	-1.3537
-1.2625	0.93468
-0.42359	-0.7422
-0.29205	-0.46566
-0.90169	-1.1047
-1.8977	0.93158
-1.0777	-0.15954
-1.1203	-0.83352
-0.73667	0.3785
-0.88015	0.1716
-0.93071	0.28604
0.26294	-0.83602
-0.035954	-0.65049
-0.25353	0.55715
0.40765	-0.033427
0.36878	0.096504
1.4838	0.27895
2.0414	0.98688
1.7065	1.747
-0.0069454	1.8114
-0.70195	0.46764
0.78007	-1.33
-0.43375	-0.43353
0.83471	-0.0033434
-0.040343	-0.55786
-1.0471	0.12667
0.11914	-1.6789
-1.221	0.0095753
-0.41677	-0.2523
0.28071	-0.21788
-0.56758	2.2228
-0.11255	1.4573
1.161	-0.93121
0.31664	0.25775
-0.037054	2.2552
2.0763	-0.22428
2.1298	1.4029
1.8737	0.85217
1.6554	0.79476
0.69476	0.074059
-0.19379	1.1251
0.23982	0.68426
0.68807	-1.3556
-0.7625	-0.22068
-0.6535	0.2021
-0.99877	0.6169
-0.020557	-0.93519
-0.46111	-0.18969
-2.0371	0.48508
-0.41953	-1.1822
-1.3219	0.82619
-0.6492	2.3367
-0.22366	0.68935
0.73704	-1.0151
-0.86754	1.4529
0.78214	1.8479
0.75413	0.34955
0.32021	0.96004
0.60724	-0.82025
-0.29093	1.8274
0.2107	-0.97067
-1.1325	-0.35337
-0.17174	-0.27964
-0.29048	0.46236
-0.53513	0.83106
0.21206	0.28458
-0.4764	-0.27015
-0.72206	-0.14305
0.11354	-1.2411
-0.46465	-0.25139
0.65605	-0.69263
0.8156	-0.16313
1.4508	0.17293
1.0147	-0.11734
0.44553	1.1901
0.83657	-0.0064462
1.107	-0.51557
-0.19443	0.040259
-0.25725	-1.1079
-0.80414	-0.28726
-0.58293	-0.91045
-1.0544	-0.12367
-0.47429	-0.13113
-0.049942	-0.92638
0.067756	0.38826
-2.3072	0.4645
-2.8895	1.1622
-1.7048	0.49047
-3.2467	1.1231
-2.3575	0.48986
0.56492	0.2636
3.007	-0.28543
1.7164	1.7334
0.66463	-2.6269
-1.892	-1.3101
-2.3074	0.7481
-0.8601	0.81637
2.0621	-0.86482
0.84623	0.39015
1.5296	-1.1766
-0.21754	-1.1278
-0.12984	0.54496
0.066465	-0.25713
2.0653	0.53427
2.4472	1.544
2.1774	1.4094
2.1356	-0.26503
-0.12085	0.85472
-0.30034	-0.48046
1.1514	-1.016
1.3612	0.69662
-0.19305	0.32928
-0.022362	-0.19428
-0.40803	-1.1243
-0.97505	0.14268
-0.070632	-0.49056
1.3821	-0.94141
-0.53273	0.79676
-1.59	1.9179
-0.59541	-0.71003
-0.72736	0.081982
0.68308	0.02929
0.83413	1.9689
1.56	0.86619
1.5538	2.6441
1.3661	-0.70385
0.77481	0.47319
-0.43368	-0.047098
-0.15969	-0.42131
0.40319	-0.70843
-0.95331	0.74034
-0.090472	-0.35797
-0.3575	-2.5261
-0.068159	0.06027
0.085835	-0.099414
0.33971	1.0376
0.48397	-1.4516
1.3536	-2.6737
0.020784	-0.93427
1.1012	-0.57555
-0.058913	1.3637
1.1761	0.99483
1.7132	1.6562
0.37237	2.0498
0.95283	0.754
-0.57143	0.41362
0.26631	-1.4248
-0.26482	-1.3225
-0.32471	-0.8234
-0.15247	0.16875
-0.29432	-0.0086435
-1.1921	0.80434
-0.78288	0.65559
-0.5709	-0.56015
-0.71627	0.83788
-0.045356	-1.124
-0.69941	0.29011
-0.339	-0.36961
0.59217	-1.7276
-0.41741	1.221
1.1146	-1.0745
0.47591	0.55532
0.087503	2.9744
0.13126	1.4314
-0.78228	-1.0056
-0.94144	1.1204
-0.5766	-0.95765
-0.75417	-0.31572
-0.70901	-0.43326
0.16172	-0.99005
-1.7133	-1.2743
-0.049643	-1.8679
-0.96333	-1.4624
-0.46459	-1.2037
-0.55418	0.49867
-1.6552	0.63862
-0.79471	-0.39286
0.44002	-0.67231
0.43647	1.2691
1.247	0.21345
1.8479	-0.49274
0.88282	-0.25873
0.89927	-1.3237
-0.62048	-1.5268
0.51088	-1.8624
-0.74645	-0.78309
-0.76181	-0.59504
-0.99665	-0.78305
-1.5989	-0.343
-0.69083	-0.61235
-1.1081	-0.38218
-0.2191	-1.2484
-0.54045	0.42055
-0.16952	-1.5983
-0.99987	0.89949
0.30767	-0.88146
0.37434	-0.63486
-0.39429	0.90718
1.644	-0.95345
1.7285	0.21676
0.56307	-1.4042
-0.76444	0.97374
-0.25971	-0.91372
-0.51535	-0.08692
-0.83586	-1.2115
-1.9365	1.1372
-1.1409	0.042713
-1.3029	-0.77707
-1.2537	-0.057156
-0.85136	0.62519
-1.3479	0.35535
-0.30542	-0.95303
0.50251	-0.78402
-0.28555	0.73408
0.26956	0.14622
0.32163	0.098359
1.6404	0.46178
1.8945	0.71661
1.6768	1.4486
-0.075523	1.6037
-0.27616	0.62438
0.68333	-1.6418
-0.52095	-0.79277
0.58252	0.0095953
-0.35628	-0.69505
-0.8193	0.014569
0.056234	-1.1386
-1.4719	-0.059617
-0.43948	-0.76186
0.73542	-0.034343
-0.65954	1.6873
-0.093742	1.446
1.0699	-0.82173
-0.15289	0.67557
-0.031919	2.5407
1.9389	0.078636
1.6883	1.276
2.0809	0.91515
1.6631	0.71292
0.59947	0.23894
-0.35072	1.0459
0.13272	0.30121
0.68356	-1.403
-0.9032	-0.45764
-0.51916	0.15548
-0.86552	0.33526
-0.42355	-0.95596
-0.61922	-0.70359
-1.7175	0.42527
-0.99911	-1.274
-1.0099	0.39501
-0.56448	2.2341
-0.18989	0.5579
0.47495	-0.94936
-0.40987	1.5868
0.77932	1.9074
0.48641	0.58838
0.33905	1.3104
0.63302	-0.63934
-0.70214	1.8669
0.19685	-1.1567
-0.91214	-0.15708
-0.37826	-0.23961
-0.46761	0.6802
-0.87877	0.80927
-0.0065599	0.44241
-0.42083	-0.32846
-0.49659	-0.15725
0.34151	-1.7495
-0.69874	-0.076377
0.90147	-0.79665
1.2166	-0.14265
1.235	0.43866
0.9705	0.07411
0.66426	0.98548
0.61062	-0.10934
1.3043	-0.67533
-0.50028	-0.18963
-0.26007	-1.8758
-0.78892	-0.21922
-0.32275	-0.67817
-0.72132	-0.43486
-0.1239	-0.1276
-0.34606	-0.84332
0.23828	-0.070775
-2.0734	0.99646
-2.6536	1.5859
-2.1729	0.30029
-3.2435	0.81728
-2.3883	0.5658
0.26672	0.35731
2.9161	-0.32929
1.6803	2.0666
0.74141	-2.6271
-1.2241	-0.9576
-2.4929	0.32453
-0.90378	0.44795
2.1517	-1.4573
1.0755	0.53065
1.5264	-1.6011
0.12475	-0.96851
-0.11466	0.41348
0.021405	-0.4951
2.1725	0.6024
2.0981	1.4942
2.2135	1.5672
2.1244	-0.26521
-0.28157	0.91318
-0.18761	-0.48261
1.581	-0.94346
1.6582	0.83407
-0.31197	0.50589
-0.095742	0.033141
-0.21111	-1.0558
-0.99912	-0.27295
-0.33966	-0.56518
1.2718	-1.4341
-0.066762	0.65355
-0.77999	2.1028
-0.48889	-0.78091
-0.1985	0.086262
0.42903	-0.10635
0.67647	1.9624
1.5611	0.85349
1.2279	2.7494
1.4231	-0.47557
0.72212	0.19626
-0.35801	0.2685
-0.054965	-0.4596
0.56981	-0.8114
-0.7957	0.4499
-0.38658	-0.4615
-0.17832	-2.3364
-0.0016248	0.053204
0.50831	0.075217
0.63022	0.96483
0.71659	-1.687
1.3816	-2.6946
-0.29138	-1.2521
0.89289	-0.58706
-0.076373	1.384
0.71912	1.2347
1.6811	1.7754
0.58281	1.7774
0.96282	0.84567
-0.010006	0.62422
0.17633	-1.1442
-0.50645	-1.0309
0.12399	-0.7875
-0.29207	0.28824
-0.56332	-0.10857
-1.3819	0.65705
-0.75069	1.3178
-0.2284	-0.84622
-0.85932	0.46952
0.11739	-1.7211
-0.77701	0.12869
-0.12735	-0.40166
0.57266	-2.0292
-0.65909	1.0966
1.5322	-0.58922
0.5135	0.89695
0.19336	2.9558
-0.25764	1.5251
-0.26964	-0.93262
-1.197	0.98076
-0.41573	-0.55777
-0.90547	-0.26871
-0.57662	-0.51219
-0.22078	-0.84161
-1.7441	-1.3117
-0.45387	-1.2094
-0.71031	-1.5117
-0.47881	-1.1252
-0.72026	0.76525
-1.6123	0.438
-0.91258	-0.23583
0.094763	-0.85915
0.56731	1.0809
0.92443	-0.079778
1.5853	-0.78212
1.0875	0.039785
1.2187	-0.69904
-0.71998	-1.382
0.62183	-1.751
-0.93704	-0.42125
-0.29331	-0.3492
-0.86229	-1.3492
-1.8635	-0.31329
-0.84122	-0.096631
-1.1279	-0.39971
-0.38409	-0.8445
-0.48622	0.40722
-0.17796	-1.3841
-0.98779	0.60808
0.50551	-0.72578
0.64298	-0.79007
-0.21188	0.48446
1.2583	-0.50631
1.4244	0.54527
0.60319	-0.98003
-0.75555	0.72513
-0.8027	-0.90865
-0.42612	-0.33922
-0.99182	-1.3138
-2.1088	1.3298
-1.0509	0.33445
-1.1244	-0.78488
-1.0181	0.30882
-0.8697	0.43083
-1.3352	0.48864
0.072891	-0.78234
0.86434	-1.0056
-0.17792	0.37202
0.26638	-0.25344
0.48451	0.044642
1.5023	0.54179
2.238	0.73978
1.7405	1.5702
0.11011	1.5585
-0.30599	0.71842
0.80636	-1.4938
-0.69324	-0.55637
0.50059	0.1604
-0.35297	-0.80149
-0.9136	0.2128
0.15219	-1.1302
-0.98044	-0.12263
-0.55632	-0.32646
0.23545	-0.085936
-0.32564	1.9691
-0.5796	1.4554
1.23	-0.6975
0.18472	0.30801
0.23712	2.2851
1.9936	-0.037818
2.0735	1.3403
1.7748	0.92192
1.6721	0.36806
0.40696	0.10435
-0.66452	1.24
-0.15433	0.61198
1.0773	-1.296
-0.75585	-0.090158
-0.59783	0.19207
-0.99941	0.69256
-0.309	-0.60792
-0.39618	-0.5034
-2.1525	0.29414
-0.61899	-0.98219
-0.83858	0.6968
-0.89955	2.4569
-0.2738	0.91243
0.91204	-1.1507
-0.27053	1.6113
1.0464	2.1722
0.53668	0.33722
0.088539	0.96196
0.67095	-0.43027
0.049734	1.6817
0.57423	-0.78449
-0.70828	-0.48055
-0.3834	-0.28064
-0.043242	0.55718
-0.751	0.70481
-0.18539	0.76108
-0.2024	-0.50251
-0.41445	0.23973
0.11618	-1.295
-0.65018	-0.37453
0.92381	-0.91042
1.1339	-0.44957
0.74892	0.3679
1.1229	-0.030099
0.42872	1.0216
1.0041	0.31241
1.0027	-0.47262
-0.33799	-0.24025
-0.50987	-1.6535
-0.77671	-0.25721
-0.33128	-0.56672
-0.80031	0.25592
-0.41877	-0.12565
0.10103	-0.78695
0.21257	0.38
-2.0317	0.62719
-2.4923	1.5165
-1.7109	0.35874
-3.4493	0.83584
-2.5309	0.30822
0.70759	0.089991
3.0211	-0.21218
1.5278	1.8179
0.75219	-2.6971
-1.7629	-1.3987
-2.4262	0.77856
-0.79556	0.76341
2.0045	-1.4727
0.95734	0.60651
1.1534	-1.2609
0.065367	-1.2297
-0.31093	0.20939
0.1483	-0.41963
2.1068	0.59846
2.5032	1.5504
2.5097	1.455
1.8327	-0.3679
0.13865	0.98133
-0.2104	-0.96716
1.3986	-1.3266
0.73998	0.89647
-0.51973	0.49071
-0.030399	-0.40382
-0.42101	-1.2475
-1.1661	0.166
-0.44271	-0.47851
1.0057	-1.0175
-0.35451	0.53548
-1.0967	1.8564
-0.28302	-0.71726
-0.51249	0.22298
0.23766	-0.17226
0.60608	2.0845
1.6761	0.89718
1.3651	2.5863
1.2695	-1.0194
0.52847	0.44273
-0.7377	0.1716
-0.54318	-0.39968
0.46247	-0.60472
-0.53949	0.40863
-0.2389	-0.39434
-0.3891	-2.3474
-0.68829	-0.013293
0.12707	-0.34818
0.79407	0.89979
0.20942	-1.6119
0.72398	-2.6355
0.18194	-1.1037
0.78364	-0.29034
-0.071462	1.4732
0.61439	1.073
1.152	1.5567
0.20789	2.1436
1.2119	0.22801
-0.5564	0.8028
0.068634	-1.3951
-0.43097	-1.1601
-0.064635	-0.8959
-0.50488	0.025572
-0.05615	-0.38872
-1.5677	0.4655
-0.97569	1.0977
-0.60133	-0.73374
-0.55213	0.53801
-0.18113	-1.3428
-1.1067	-0.047502
-0.22078	-0.068257
0.49643	-1.6089
-0.090153	1.1653
1.5256	-1.0274
0.77408	0.99053
0.2567	3.3549
-0.035768	1.5613
-0.60238	-1.0175
-1.0321	0.77788
-0.83943	-1.0428
-0.83274	-0.61959
-0.39704	-0.55455
0.034161	-0.57637
-1.8017	-1.37
-0.62056	-1.5295
-0.57853	-1.4587
-0.54885	-1.2046
-0.49536	0.52761
-1.2266	0.60547
-0.6675	-0.23376
0.28558	-0.51585
0.11332	1.3249
0.73376	-0.066755
1.1349	-0.40372
1.0262	-0.44746
0.97605	-0.86323
-0.86073	-1.6775
0.43547	-1.5705
-0.85158	-0.3527
-0.45396	-0.37314
-0.79641	-0.90356
-1.6004	-0.24815
-0.97221	-0.54247
-1.4092	-0.14413
-0.094657	-1.338
-0.44728	0.38281
-0.053963	-1.2751
-0.97945	0.44161
0.39159	-0.84973
0.44153	-0.75898
-0.34703	1.075
1.6306	-0.45906
1.5835	0.17779
0.7148	-1.4185
-1.1101	0.73546
-0.29715	-0.65504
-0.71479	-0.11276
-0.69746	-1.2637
-1.9102	1.1682
-0.9364	0.13783
-1.0289	-0.63665
-1.1191	0.15664
-0.7518	0.63954
-0.92823	0.44932
-0.19848	-1.0341
0.41374	-0.73835
-0.25733	0.50102
0.52415	0.010612
0.51033	0.1571
1.4777	0.36405
1.9357	0.93844
1.6393	1.6171
0.036569	1.659
-0.32537	0.76617
0.91277	-1.4286
-0.81106	-0.72732
0.68517	-0.26512
-0.10406	-0.92922
-0.66874	-0.49676
0.2452	-1.3498
-1.2878	-0.04425
-0.63214	-0.16683
0.59525	-0.14368
-0.58784	1.7423
-0.60696	1.3378
1.0443	-1.0263
0.13171	0.04708
-0.03184	2.3287
1.9229	-0.45141
1.6504	1.4738
1.9445	0.72332
1.6177	0.86175
0.48165	0.22023
-0.29732	1.08
0.11117	0.6337
0.47953	-1.1557
-0.77382	-0.28305
-0.76466	0.14293
-0.83804	0.92178
-0.042624	-0.82134
-0.44487	-0.38677
-1.7932	0.4207
-0.58816	-0.94529
-1.0935	0.52927
-0.32283	1.9886
-0.084049	0.86473
0.58637	-0.85829
-0.37071	1.6972
0.87923	2.3785
0.82766	0.39967
0.30888	1.1577
0.56904	-0.81519
-0.019333	1.8717
0.41063	-0.98732
-0.75217	-0.43329
-0.15464	-0.070593
-0.264	0.60769
-0.53514	0.56193
-0.29738	0.59015
-0.34868	-0.21234
-0.65149	-0.011379
0.2687	-1.0532
-0.38486	-0.49447
0.66888	-0.68558
0.96019	-0.49456
0.98751	0.22819
1.1144	0.12455
0.29679	1.1509
1.2018	-0.19358
1.1841	-0.4386
-0.26118	-0.07529
-0.87599	-1.6367
-0.67769	-0.10193
-0.26574	-0.67884
-1.2877	0.10221
-0.18627	-0.54371
0.026589	-0.73606
0.084292	0.016655
-1.7831	0.92802
-2.3565	1.2573
-1.8161	0.11798
-3.1311	1.2707
-2.1459	0.47189
0.34344	-0.010112
2.8282	-0.42103
1.6941	2.1602
0.63978	-2.4813
-1.7113	-1.2512
-2.3429	1.0516
-1.0834	0.77337
2.073	-1.3637
1.3075	0.5576
1.3192	-1.1241
0.11692	-0.84831
-0.26458	0.20912
0.54846	-0.31116
2.0694	1.1178
2.3789	1.4098
2.293	1.3722
1.9352	0.038713
-0.14308	1.1087
-0.32346	-0.77414
1.1533	-1.3839
1.7132	0.73933
-0.60649	0.63022
0.28883	-0.36964
-0.34309	-1.0724
-0.84392	0.07516
-0.26424	-0.91209
1.2821	-0.87936
0.00077072	1.0403
-0.91987	2.165
-0.291	-0.71661
-0.39976	0.30546
0.56842	-0.20382
0.5846	1.7829
1.7167	0.84473
1.0083	2.559
1.4602	-0.6863
0.67645	0.5865
-0.20489	0.28848
0.10812	-0.57156
0.54343	-0.61399
-1.0128	0.35288
-0.2352	-0.29376
-0.16315	-2.3903
-0.18416	-0.17235
0.10653	-0.057825
0.78655	1.292
0.43749	-1.4935
0.85368	-2.2842
-0.070481	-0.95909
0.39689	-0.62981
0.18862	1.5169
0.7859	1.026
1.0105	1.4633
0.37073	1.8049
0.93037	0.72256
-0.45817	0.37951
0.1106	-1.2872
-0.6599	-0.95359
-0.36285	-0.77044
-0.40504	0.00093944
-0.27224	-0.23693
-1.5453	0.49708
-1.1735	1.1993
-0.65372	-0.54704
-0.78376	0.88605
-0.43185	-1.4387
-0.73321	0.2151
-0.25574	-0.41929
0.35691	-1.5784
-0.33919	1.292
1.4642	-0.35557
0.57297	0.8036
0.21479	2.8061
-0.11034	1.6524
-0.45349	-1.0674
-1.0086	0.6451
-0.40094	-0.9452
-0.86153	-0.27301
-0.65715	-0.56317
-0.052676	-0.71307
-1.7711	-1.3531
-0.13586	-1.432
-0.65254	-1.303
-0.50373	-0.9951
-0.64369	0.7343
-1.0915	0.37375
-0.72439	-0.40655
0.46756	-0.7625
0.51711	1.606
0.70771	0.080062
1.2167	-0.56702
0.46606	-0.13512
0.80603	-0.60561
-0.60063	-1.6723
0.61504	-1.3601
-0.74586	-0.57031
-0.072699	-0.58822
-0.74764	-1.2204
-1.5692	-0.12965
-0.89258	-0.4337
-1.2195	-0.057654
-0.44625	-0.81615
-0.34975	-0.10663
-0.057633	-1.2523
-1.1585	0.48696
0.29972	-0.61806
0.30985	-0.96495
-0.45967	0.49676
1.5298	-0.74293
1.478	0.5041
0.9904	-1.4337
-0.89518	0.93288
-0.75059	-1.2347
-0.384	-0.49627
-0.90067	-1.1786
-1.9642	1.3998
-1.1264	0.19913
-0.95076	-0.76837
-1.0219	0.086014
-0.49957	0.69945
-1.6023	0.42497
0.16678	-1.0524
0.42895	-0.75857
-0.013955	0.64831
0.41261	-0.018478
0.46834	-0.13916
1.1817	-0.046352
2.2138	0.41972
1.4737	1.619
-0.25521	1.5416
-0.2136	0.19288
0.81516	-1.6022
-0.6171	-0.73608
0.70083	-0.062423
0.27432	-0.65576
-0.63796	-0.27961
0.1362	-1.3923
-0.9078	-0.42889
-0.7354	-0.54548
0.18179	-0.062781
-0.75042	1.9799
0.03157	1.6334
0.98182	-0.91689
0.30113	0.10716
0.081721	2.0727
2.1997	0.0036365
2.2511	1.0628
2.0698	1.1607
1.732	0.74724
0.48293	-0.14321
-0.40454	0.98774
0.085227	0.29261
0.73793	-1.312
-1.176	-0.38531
-0.83341	0.13417
-1.181	0.56394
-0.17973	-0.74741
-0.33464	-0.097629
-1.8372	0.25913
-0.51785	-1.1633
-0.91368	0.32368
-0.35412	2.1452
-0.44382	0.96607
0.49776	-0.88537
-0.45909	1.5313
1.1269	1.8387
0.85165	0.74543
0.56653	0.64974
0.72226	-0.84801
0.046444	1.8481
0.51674	-0.94784
-1.2037	-0.14906
0.043821	-0.3498
-0.094593	0.38559
-0.5421	1.0026
-0.073171	0.47299
-0.43296	-0.13573
-0.8367	-0.17494
0.47115	-1.1532
-0.56134	-0.033147
0.67156	-0.56409
1.0753	-0.44551
0.99277	0.30045
1.1608	-0.072159
0.33845	1.1744
0.77576	0.099909
1.1242	-0.74507
-0.38175	0.14259
-0.48435	-1.3721
-0.72312	-0.31264
0.25343	-0.78181
-0.79292	0.038412
0.045418	-0.48136
-0.29594	-0.76038
0.3379	0.13597
-1.9994	0.67932
-2.5611	1.8317
-1.9417	0.642
-3.3091	1.3606
-2.2489	0.41997
0.20128	0.048008
2.9522	-0.25058
1.2054	1.9733
0.31288	-2.5169
-1.6633	-1.2137
-2.624	0.67931
-0.90903	0.48888
1.8379	-1.2539
1.0194	0.28426
1.2467	-1.223
0.14151	-0.9937
-0.038755	0.48494
0.155	-0.21579
1.8948	0.64407
2.5121	1.5489
2.3633	1.9289
2.3392	-0.35047
0.22013	0.78959
-0.44759	-0.15361
1.1837	-1.3042
1.8388	0.30702
-0.49414	0.49983
0.098119	-0.26891
-0.050635	-0.81752
-1.3285	0.086591
-0.12519	-0.61149
1.2475	-0.76543
-0.062622	1.0867
-1.076	2.03
-0.69167	-0.74077
-0.44922	0.75111
0.52472	-0.41079
0.41694	2.0394
1.5108	0.68361
1.2561	2.6634
1.4371	-0.36358
0.70181	0.28422
-0.4966	0.24359
0.086591	-0.31565
0.34033	-0.70966
-0.77611	0.12485
-0.53328	-0.45847
-0.66091	-2.5352
-0.40249	-0.081355
0.32395	0.038594
0.72968	1.1592
0.6309	-1.5316
1.2062	-2.8169
0.0043698	-1.0239
0.79313	-0.45935
-0.35348	1.5071
1.3143	0.63551
1.6804	1.679
0.12589	1.8183
1.28	0.58915
-0.48873	1.0145
0.15673	-1.68
-0.51804	-1.1958
-0.014803	-0.75143
-0.2717	0.222
-0.47469	-0.16783
-1.2816	0.39786
-1.1235	0.96131
-0.21581	-0.34549
-0.77983	0.30962
0.077202	-1.4227
-0.79901	-0.019854
-0.096611	-0.4634
0.5714	-1.8376
0.020768	1.1142
1.1982	-0.86116
0.78578	0.98298
0.018866	2.9937
0.08026	1.4614
-0.58826	-0.91352
-1.1733	0.85102
-0.4992	-0.98707
-0.71144	-0.3649
-0.50655	-0.81868
-0.1142	-0.62277
-1.6628	-1.4696
-0.47584	-1.3762
-0.32637	-1.4349
-0.36066	-1.1363
-0.69753	0.018111
-1.2664	0.41254
-1.0209	-0.48912
0.44246	-0.78697
0.4285	1.2586
1.1508	0.28976
1.408	-0.28747
1.118	0.00090415
0.84999	-0.69027
-0.67455	-1.528
0.30548	-1.6154
-0.80483	-0.57831
-0.43523	-0.22229
-1.0582	-0.7738
-1.3159	-0.045679
-0.77922	-0.37639
-1.0745	-0.14411
-0.2902	-0.92412
-0.3224	0.14689
-0.47243	-1.2271
-1.2099	0.45262
0.43919	-0.7044
0.46909	-0.55358
-0.22346	0.67876
1.6219	-0.52603
1.6372	0.31434
1.0378	-1.2951
-0.75409	1.1281
-0.65708	-1.0901
-0.56835	-0.19324
-0.56116	-1.4014
-1.9097	0.93287
-1.0749	0.016728
-0.76161	-0.57717
-0.71074	-0.14182
-0.82386	0.31165
-1.1799	0.45886
0.045561	-1.293
0.37189	-0.9512
-0.0077655	0.346
0.59875	0.13867
0.50088	0.16024
1.7597	0.45785
2.0661	1.0358
1.5602	1.6809
0.018254	1.4622
-0.25361	0.44933
0.56068	-1.6851
-0.76075	-0.35901
0.71442	0.32213
-0.16495	-0.75851
-0.5195	-0.18502
-0.029116	-1.3746
-1.1747	0.20115
-0.78218	-0.68351
0.37668	-0.27217
-0.69301	1.9514
-0.057345	0.89835
1.3663	-1.1346
0.086275	0.27123
-0.094699	2.4835
2.135	0.010922
2.1609	1.2676
2.0916	0.68499
2.1787	0.57617
0.60552	-0.073398
-0.51315	1.0921
0.20182	0.64683
0.51756	-1.3907
-0.86501	-0.16981
-0.71743	0.17415
-0.97552	0.54502
-0.44152	-1.0965
-0.63357	-0.38877
-1.7987	0.31645
-0.80998	-1.1179
-1.0728	0.22252
-0.74293	2.1226
-0.07236	0.60051
0.71019	-0.79981
-0.23506	1.5165
1.0597	2.0069
0.66904	0.32397
0.70155	1.2461
0.4789	-0.43642
-0.036437	1.7726
0.47984	-0.77087
-1.3794	-0.45126
0.070124	-0.53523
-0.33645	0.52148
-0.66957	1.1196
-0.20622	0.57291
-0.2494	-0.42155
-0.57041	0.096194
0.56581	-1.5895
-0.51595	-0.42351
0.90925	-0.64348
0.91783	-0.24248
1.0303	0.4102
1.1044	0.14981
0.57165	1.1963
0.75995	-0.18172
1.2479	-0.38468
-0.42985	-0.020263
-0.38539	-1.4628
-0.81518	-0.18955
-0.75912	-0.72845
-0.92059	-0.22954
-0.085689	0.036676
-0.12307	-0.86527
-0.16446	0.20099
-1.9731	0.82058
-2.7172	1.5356
-1.8969	0.2926
-3.6659	1.0016
-2.4106	0.56589
0.75317	0.092294
2.8803	-0.3821
1.5112	1.7762
0.59984	-2.4702
-1.5737	-1.1143
-2.4783	0.47376
-0.83394	1.0193
2.1805	-1.4689
1.0463	0.7851
0.89863	-1.2187
0.42422	-0.76082
-0.24502	0.55344
-0.037625	-0.5506
2.0662	0.5759
2.4576	1.0634
2.1215	1.4942
1.8401	-0.10874
-0.20031	1.1689
-0.19246	-0.80083
1.5377	-1.1977
1.3362	0.72289
-0.69242	0.76767
0.1372	0.21907
-0.34885	-0.91755
-1.2212	-0.29969
-0.42074	-0.71098
1.0043	-1.1616
0.073125	0.79595
-1.0472	2.0145
-0.34946	-0.45839
-0.13115	0.358
0.36005	0.03686
0.53793	1.8094
1.8573	0.73824
1.6398	2.2259
1.12	-0.51705
0.53967	-0.024339
-0.30349	0.063871
-0.4369	-0.48904
0.26771	-1.2717
-0.85343	0.19068
-0.73092	-0.30083
-0.34322	-2.4789
-0.02688	0.037034
0.038102	-0.58912
0.87707	0.98643
0.62952	-1.5238
1.1831	-2.4125
-0.07176	-1.0055
1.0482	-0.95186
-0.43933	1.3167
1.0954	0.65799
1.7074	1.4314
0.48597	1.9668
1.3264	0.51239
-0.65693	0.8758
-0.17092	-1.4126
-0.45873	-0.89118
-0.33028	-0.72498
-0.46617	-0.15584
-0.27711	-0.31191
-1.3618	0.29834
-1.0942	0.7357
-0.23978	-0.27578
-0.5028	0.83719
0.12466	-1.2344
-0.77073	-0.029758
-0.11998	-0.52718
0.4958	-2.0198
-0.018549	1.0795
1.5218	-0.44063
0.8191	0.72405
0.066043	3.083
0.28471	1.6246
-0.54368	-1.1103
-1.5867	0.83272
-0.65341	-0.9867
-0.57743	-0.12482
-0.7115	-0.52718
-0.34002	-0.64868
-1.8957	-1.1645
-0.42099	-1.6739
-0.51222	-1.199
-0.36468	-1.0948
-0.78603	0.45697
-1.2555	0.5967
-0.54116	-0.86981
0.46167	-1.0414
0.56357	1.3486
1.0594	0.11969
1.4707	-0.79864
1.2295	-0.34837
1.1547	-0.64191
-0.66087	-1.6712
0.57711	-1.8788
-1.0825	-0.35148
-0.30707	-0.19224
-1.1293	-0.98729
-1.6055	0.17807
-0.9163	-0.31586
-0.88377	0.060275
-0.48814	-1.1667
-0.64771	0.37702
0.023121	-1.2673
-0.83975	0.38109
0.4201	-1.0096
0.49498	-0.78646
-0.27047	0.71522
1.6863	-0.52727
1.5235	0.40691
1.0835	-1.501
-0.83955	0.5494
-0.57162	-0.94907
-0.77955	-0.41741
-1.1092	-1.1131
-1.751	0.99569
-1.379	-0.25305
-1.0489	-0.39385
-0.56957	0.20898
-1.1119	0.35326
-1.137	0.38393
-0.24643	-0.82725
0.5834	-0.58329
-0.30514	0.72903
0.13908	0.22344
0.22443	0.17479
1.3767	0.14465
2.1072	0.93627
1.7442	1.5569
-0.21352	1.9459
-0.30778	0.63892
0.76215	-1.5271
-0.61785	-0.71458
0.87232	0.060909
-0.22089	-0.5657
-0.6574	0.04422
0.083368	-1.2696
-0.86778	-0.31203
-0.72392	-0.35713
0.37469	-0.21613
-0.72884	1.8057
-0.030727	1.2429
0.95507	-0.92173
0.0071959	0.33054
-0.16448	2.1668
1.9733	-0.097575
1.8261	0.99543
1.8941	1.0156
1.8652	0.85558
0.54786	0.17957
-0.62532	0.88613
-0.22558	0.52682
0.67843	-1.3136
-0.81632	-0.17678
-0.7664	0.012664
-0.97409	0.602
-0.060502	-0.52844
-0.39208	-0.29861
-1.7907	0.52614
-1.0935	-1.0653
-0.91945	0.36407
-0.8138	2.3786
0.0050414	0.91438
0.7162	-0.95731
-0.32784	1.3725
1.1066	1.9464
0.19738	0.64233
0.72326	0.97293
0.8236	-0.58713
0.0089837	1.7669
0.10331	-1.3254
-0.7286	-0.42357
-3.6321e-05	-0.28613
-0.24888	0.7067
-0.52661	0.75634
-0.26399	0.4562
-0.41185	-0.16276
-0.42349	0.25256
0.26145	-1.2909
-0.2524	0.052474
1.0015	-0.63271
1.0473	-0.27267
0.78218	0.19634
0.98746	0.30015
0.62215	1.0551
0.52808	0.037143
1.0778	-0.13938
-0.064003	0.15872
-0.66538	-1.646
-0.84566	-0.19405
-0.29667	-0.855
-0.83511	-0.27935
-0.157	-0.15142
-0.070901	-0.48782
0.051653	0.45723
-1.7862	0.96783
-2.3634	1.4212
-1.8547	0.66993
-3.3471	1.074
-2.5505	0.43271
0.48557	-0.021545
3.2071	-0.1365
1.2435	2.0191
0.86299	-2.3152
-1.6082	-1.0144
-2.5172	0.6705
-1.2309	0.70851
1.9772	-1.3917
0.70041	0.30468
1.5898	-1.1024
-0.039536	-1.1622
0.077339	0.2416
0.067252	-0.2388
2.2629	0.62163
2.7587	1.4887
2.4083	1.6322
1.9174	-0.51658
0.057819	1.0316
-0.20725	-0.40714
0.96177	-0.81184
1.4314	0.68776
-0.66944	0.53173
-0.28345	-0.24152
-0.31228	-0.89224
-1.0223	-0.43515
-0.36738	-0.62429
1.3695	-1.0789
-0.051628	0.78288
-0.78181	2.2455
-0.49399	-0.52729
-0.53198	0.14433
0.6921	-0.25076
0.29422	2.0521
1.4954	0.77224
1.2842	2.8803
1.3316	-0.746
1.1782	0.63547
-0.44327	0.20029
0.077763	-0.28857
0.79092	-0.85042
-0.96116	0.24891
-0.80467	-0.41837
-0.24595	-2.4525
-0.29372	0.17915
0.084708	-0.18919
0.70373	1.1127
0.70684	-1.4397
1.2113	-2.5764
-0.46766	-1.2064
1.0342	-0.84691
-0.1647	1.4651
0.87017	1.0083
1.545	1.5169
0.19916	1.8848
1.3	0.6106
-0.34782	0.31462
0.021502	-1.3409
-0.67037	-1.2575
-0.26788	-0.81358
-0.19974	-0.10611
-0.48604	-0.38991
-1.5212	0.70025
-1.163	1.5758
-0.29257	-0.43421
-1.0168	0.65068
-0.20984	-1.4148
-0.66011	-0.064616
-0.1786	-0.40084
0.48301	-1.9216
-0.16006	1.2163
1.4132	-0.35385
0.82207	0.89592
0.33024	3.1701
-0.078236	1.4487
-1.0686	-1.0439
-1.3591	0.90091
-0.6518	-1.1221
-0.60956	-0.30026
-0.56165	-0.48959
-0.16998	-0.71951
-1.7753	-1.1572
-0.31937	-1.7612
-0.81702	-1.2755
-0.57084	-1.15
-0.79172	0.29412
-1.2484	0.71834
-0.70793	-0.53614
0.24844	-0.68504
0.71542	1.1022
0.85572	-0.10403
1.1516	-0.12378
1.0625	-0.11726
0.91081	-0.71412
-0.63564	-1.6699
0.37887	-1.7029
-1.3042	-0.58724
-0.47518	-0.56535
-0.91017	-1.1527
-1.4829	-0.092197
-0.79642	-0.43661
-0.96333	-0.14993
-0.3148	-1.0889
-0.40373	0.26803
0.060342	-1.3329
-1.2044	0.55391
0.31154	-0.98154
0.52467	-0.8767
-0.14372	1.0043
1.7169	-0.70375
1.2772	0.32895
0.6532	-1.3271
-0.69517	0.65692
-0.051916	-0.83335
-0.60341	-0.47286
-1.2071	-1.2872
-1.9337	0.85201
-1.1212	0.13906
-1.0556	-0.77035
-0.86384	-0.10635
-0.85163	0.51515
-0.90575	0.39384
-0.16828	-1.1222
0.16165	-0.67283
-0.034079	0.57688
0.40762	0.078073
0.47948	0.24082
1.2724	0.056715
2.1526	0.46192
1.1319	1.7356
0.13543	1.7829
-0.28663	0.56079
0.61238	-1.3323
-0.74546	-0.60289
0.64756	0.26318
-0.12455	-0.71453
-0.85484	0.18312
0.12913	-1.2654
-0.92839	-0.094455
-0.66594	-0.44771
-0.044743	-0.058307
-0.68762	1.9251
-0.47803	1.0872
0.98362	-0.86672
0.24909	0.53206
-0.29911	2.2066
2.0706	-0.63397
1.9597	1.3948
1.7712	0.48225
1.8668	0.90045
0.40612	-0.0020105
-0.30057	0.9262
-0.01875	0.18918
0.21481	-1.3023
-0.31349	-0.16854
-0.7744	0.20668
-1.1462	0.35256
-0.03667	-0.92807
-0.84679	-0.23085
-1.7071	0.31023
-0.6612	-1.045
-1.1521	0.75721
-0.49836	2.6068
-0.081713	0.90515
0.96207	-1.1981
-0.60508	1.664
1.1847	1.781
0.87189	0.50864
0.3873	1.2396
0.9632	-0.68488
-0.10357	1.8071
0.58422	-0.65349
-1.1526	-0.42093
-0.52223	-0.56651
-0.28383	0.5553
-0.43937	0.86665
-0.30851	0.66481
-0.49371	-0.48689
-0.6511	-0.16822
0.16013	-1.2061
-0.47598	-0.3631
0.89513	-0.54919
1.0135	-0.37731
1.2687	0.45022
0.77668	-0.2176
0.67633	1.3142
0.83236	0.31708
1.0972	-0.76613
-0.24905	-0.046885
-0.43149	-1.6646
-0.57535	-0.17881
-0.15163	-1.1267
-1.1239	0.15741
-0.01466	0.034185
-0.24023	-1.0687
0.055266	-0.0092411
-2.0306	0.22588
-2.5298	1.4114
-2.1487	0.37537
-3.1025	1.1952
-2.4844	0.37858
0.61284	0.16978
2.6555	-0.61287
1.5405	1.8405
0.24893	-2.6042
-1.2846	-1.3309
-2.5962	0.7401
-1.0011	0.56991
2.0935	-1.4495
0.95365	0.32373
1.2379	-1.1468
0.086589	-0.99384
0.0062182	0.73249
0.21122	-0.4074
2.0811	0.67124
2.2781	1.7076
2.6496	1.9582
2.0273	-0.23129
-0.24215	0.63575
-0.25648	-0.74081
1.379	-0.96069
1.2913	0.80411
-0.48894	0.72978
0.16711	-0.040774
-0.5143	-1.0824
-0.85579	-0.062378
-0.45882	-0.47788
1.1289	-0.96107
-0.044032	0.84058
-1.1372	1.9196
-0.37385	-0.64315
-0.20673	0.16248
0.57142	-0.033776
0.77604	2.1567
1.9063	1.2523
1.402	2.4623
1.3259	-0.97794
0.58792	0.21476
-0.53598	0.18872
0.19329	-0.46096
0.75883	-1.0182
-0.72679	0.24046
-0.83782	-0.073492
0.05369	-2.4927
0.12979	-0.24904
0.11969	-0.28547
0.69061	1.0938
0.5828	-1.75
1.2185	-2.4113
-0.34827	-1.0963
0.81908	-0.55242
0.17436	1.3892
1.0394	0.80805
1.5663	1.5247
0.18097	2.0234
1.2114	0.52206
-0.19609	0.84387
0.098699	-1.3551
-0.56077	-1.0185
-0.32073	-0.60363
-0.3351	0.10681
-0.34126	-0.25271
-1.5265	0.32441
-0.69405	0.76961
-0.6456	-0.49634
-0.57379	0.61304
-0.021666	-1.3479
-0.69548	0.27457
-0.3597	-0.2045
0.3828	-2.0375
0.057309	0.74711
1.3488	-0.82164
0.83451	0.87773
0.39483	3.2688
0.0034547	1.6905
-0.26098	-0.62244
-1.0923	0.90528
-0.56649	-1.0556
-0.61869	-0.54971
-0.16948	-0.5138
-0.40789	-0.80674
-1.5123	-1.5787
0.055044	-1.524
-0.84848	-1.5047
-0.49724	-1.1947
-0.69845	0.44412
-1.1369	0.74415
-0.82174	-0.54641
0.22975	-0.85879
0.11471	1.2265
0.89995	0.20676
1.6129	-0.22193
0.92922	-0.45443
0.95849	-0.89894
-0.92268	-1.5899
0.75097	-1.9707
-1.2421	-0.5533
-0.60691	-0.82794
-0.53937	-0.99485
-1.5113	0.0013142
-0.56325	-0.52706
-1.1511	-0.11803
-0.46319	-1.0779
-0.26339	-0.008944
-0.021567	-1.4285
-0.86993	0.62684
0.85798	-1.1982
0.25107	-0.92349
-0.30632	0.72612
1.7838	-1.0735
1.1651	0.19326
0.85313	-1.4058
-0.87268	0.55821
-0.35015	-0.81457
-0.4812	-0.23361
-0.81436	-1.1958
-2.127	1.0759
-1.0427	0.20082
-1.1552	-0.52378
-1.12	-0.039978
-0.80465	0.687
-1.2614	0.50127
0.20995	-0.93535
0.18115	-0.83193
-0.2577	0.34775
0.30246	0.27701
0.35796	-0.12133
1.4612	0.024228
2.1994	0.45952
1.6466	1.8919
0.023546	1.4875
-0.33927	0.5839
0.69071	-1.5788
-0.59782	-0.84066
0.90316	0.15265
-0.46544	-0.57879
-0.94844	0.4522
0.072496	-1.3823
-1.484	-0.16954
-0.56698	-0.30926
0.31937	0.039586
-0.57615	1.7077
-0.27358	1.3268
1.1088	-0.83413
-0.16634	0.31239
-0.23687	2.5449
2.2747	-0.37272
1.7539	1.1416
1.7732	1.0263
1.7938	1.2273
0.50204	0.033955
-0.71797	0.97653
0.08988	0.44156
0.22303	-1.3914
-0.59515	-0.2767
-0.87933	0.28478
-0.71345	0.82566
-0.42831	-0.84415
-0.53026	-0.27978
-1.6182	-0.020552
-0.86995	-1.2085
-0.6952	0.45783
-0.78007	2.2209
-0.23749	0.41367
0.85955	-1.1445
-0.36583	1.3873
0.95797	1.9959
0.69815	0.45142
0.40143	0.95774
0.51459	-0.55117
0.023083	1.6106
0.38018	-0.80344
-1.1444	-0.13685
-0.29208	-0.021433
-0.16408	0.41917
-0.24918	0.7108
0.03644	0.55049
-0.18938	-0.24024
-0.71754	0.19238
0.35046	-1.1644
-0.50039	-0.32741
0.65171	-0.80032
1.1644	0.059418
0.97801	0.39293
0.80592	0.14532
0.83237	1.0966
0.76481	0.047583
1.0981	-0.38556
-0.4218	0.22255
-0.67114	-1.4911
-0.75059	-0.35227
-0.19109	-1.035
-0.96324	-0.37133
-0.23837	-0.21503
-0.13237	-0.82839
0.22201	0.51303
-1.931	0.6664
-2.481	1.4262
-1.7431	0.42137
-3.2725	0.88815
-2.188	0.01168
0.65951	0.19984
2.745	-0.33316
1.4715	1.5088
0.74529	-2.4587
-1.5301	-0.99964
-2.4135	0.81906
-1.1375	0.86409
2.3389	-1.2815
1.258	0.42265
1.3414	-1.2335
0.26833	-1.2119
-0.035997	0.57597
0.30674	-0.16296
1.7933	0.73143
2.3368	1.1625
2.0055	1.6985
1.8717	0.10377
-0.35187	0.66851
-0.23142	-0.69449
1.1593	-1.2618
1.1853	0.89244
-0.54286	0.47283
-0.097843	0.024114
-0.34086	-1.2401
-0.47332	-0.17115
-0.27537	-0.54147
1.1427	-0.74928
-0.42694	1.0206
-1.044	2.2097
-0.41675	-0.67288
-0.26692	0.16237
0.53467	-0.073942
0.78053	1.6972
1.6575	0.87195
1.223	2.5703
1.3453	-0.91381
0.7419	0.010187
-0.62578	0.26439
0.098601	-0.83703
0.52357	-0.9136
-0.74562	0.43101
-0.3993	-0.51495
-0.5072	-2.1576
-0.30276	-0.09983
0.12329	-0.38199
0.9681	1.2895
0.47668	-1.879
0.98176	-2.4475
-0.0055528	-0.60801
1.1048	-0.40293
0.071049	1.5834
0.78184	0.6355
1.5736	1.5145
0.48492	2.1257
1.0966	0.51043
-0.60475	0.77635
0.031987	-1.0435
-0.5694	-1.2784
-0.24404	-0.53992
-0.30692	-0.068204
0.071198	-0.18193
-1.5293	0.61236
-0.96235	1.2746
-0.25733	-0.66221
-0.76979	0.39921
-0.29719	-1.3133
-0.58758	0.43738
-0.21185	-0.45745
0.49592	-1.829
-0.014	1.3682
1.5044	-0.49206
0.96656	0.95267
0.36485	3.0486
0.029265	1.114
-0.75831	-0.83405
-0.86553	0.85229
-1.0124	-0.89602
-0.76596	-0.34977
-0.22292	-0.62641
-0.062939	-0.90852
-1.9141	-1.3931
-0.43187	-1.5372
-0.73994	-1.3389
-0.646	-0.87736
-0.56471	0.60172
-1.5114	0.64755
-0.5977	-0.58497
0.27886	-0.60933
0.20395	1.2106
1.1058	0.057707
1.4905	-0.58278
0.72617	-0.10361
1.0826	-0.93145
-0.33744	-1.491
0.65745	-1.3724
-0.65196	-0.46931
-0.16659	-0.34626
-0.90909	-1.2139
-1.335	0.37272
-0.92874	-0.01056
-1.1674	-0.40794
-0.72643	-0.85835
-0.12768	0.0029844
0.10471	-1.1407
-0.83429	0.57967
0.63603	-0.96134
0.32976	-0.82491
-0.38147	0.73594
1.7548	-0.53745
1.5234	0.20835
0.79401	-1.2789
-0.61789	1.0186
-0.58878	-0.83816
-0.80364	-0.58862
-0.90038	-1.5138
-1.4778	1.0408
-1.2325	0.39988
-1.1645	-1.1375
-1.0967	-0.062014
-0.84433	0.51014
-1.2024	0.089122
0.10268	-0.91466
0.097919	-0.97544
-0.054194	0.73106
-0.035911	0.097331
0.37711	-0.035519
1.0731	0.05031
2.0352	0.70127
1.7922	1.6033
0.44015	1.5194
-0.35507	0.52905
0.6077	-1.3724
-0.78451	-0.52002
0.54236	0.45052
-0.15833	-0.75773
-0.81629	0.20378
0.047711	-1.2461
-1.2768	-0.14783
-0.51484	-0.27887
0.63273	-0.2083
-0.85869	1.9118
-0.068664	1.274
1.0373	-0.62148
-0.15269	0.38225
-0.2839	2.1948
2.1109	-0.16432
2.0315	1.199
1.5902	0.73128
1.8605	0.68898
0.71639	0.069572
-0.13308	1.226
-0.2831	0.56189
0.71254	-1.4474
-0.84634	0.043346
-0.75152	0.32967
-0.8774	0.65832
-0.16745	-1.1761
-0.43787	-0.24405
-1.9635	0.7092
-0.46751	-1.2139
-0.71856	0.45265
-0.78826	2.6857
-0.034885	0.77165
0.67753	-0.976
-0.29431	1.5499
0.75119	1.6959
1.0082	0.43429
0.25692	0.51618
0.54449	-0.58391
-0.35386	1.6671
0.19046	-0.81371
-1.0706	-0.47569
-0.44187	-0.63365
0.088569	0.80713
-0.47335	0.86672
0.059647	0.39267
-0.76855	-0.31602
-0.52101	0.024797
0.29602	-1.4677
-0.50873	-0.20216
0.74282	-0.86528
1.1887	-0.62676
0.89784	0.50689
1.0982	0.19434
0.47464	1.033
0.68361	0.32746
0.91417	-0.45531
-0.48529	-0.040482
-0.63313	-1.1855
-0.73206	-0.15683
-0.076166	-0.65421
-1.2164	-0.16292
-0.1886	-0.45409
0.22137	-0.714
0.23061	0.24025
-1.8722	0.86608
-2.5512	1.4809
-1.6987	0.54709
-3.3373	1.3042
-2.2762	0.39201
0.42947	0.2977
3.0514	-0.29596
1.6369	1.7878
0.64505	-2.6585
-1.4353	-1.3133
-2.3206	0.66908
-0.94706	0.37757
2.0843	-1.2073
1.3833	0.89438
1.3389	-1.1456
0.26438	-0.80623
-0.15968	0.036637
-0.08263	-0.10885
2.0306	0.80468
2.1715	1.3193
2.5049	1.7155
1.8596	-0.42238
-0.24725	1.3191
-0.15838	-1.0343
1.2668	-0.99951
1.2367	0.84092
-0.70848	0.61233
-0.14887	-0.040614
-0.31355	-1.0424
-0.78319	-0.10091
-0.16653	-0.60762
1.4604	-0.62969
-0.24648	0.61429
-1.1715	2.1043
-0.47151	-0.50673
-0.60774	0.21202
0.68155	-0.2068
0.45567	1.953
1.9382	0.82981
1.6553	2.6622
1.4651	-0.74552
0.90058	0.38639
-0.69329	-0.19538
-0.43432	-0.16782
0.45831	-0.81628
-0.9526	0.40998
-0.42341	-0.27947
-0.11792	-2.3262
-0.26104	-0.22652
-0.15384	-0.096644
0.21247	1.117
0.45221	-1.668
0.79518	-2.4972
0.051477	-1.0174
1.014	-0.67635
-0.42517	1.4871
0.78928	1.0919
1.6961	1.6019
0.28906	1.8663
1.1402	0.3783
-0.75546	0.59499
0.39457	-1.2324
-0.54618	-0.95543
-0.053515	-0.83129
-0.34983	0.13026
-0.68623	-0.30452
-1.5714	0.67306
-0.6932	0.88992
-0.22462	-0.36901
-0.82943	0.29747
-0.28681	-1.3881
-0.72823	0.080748
-0.46084	-0.23955
0.22697	-2.0312
-0.025596	1.2296
1.3863	-0.52034
0.76477	0.87501
0.21675	3.0757
0.35937	1.8415
-0.56702	-1.1266
-1.2864	1.1362
-0.54901	-0.97807
-0.73088	-0.34075
-0.47028	-0.89338
-0.50671	-0.64339
-1.8039	-1.3216
-0.24156	-1.4042
-0.81456	-1.667
-0.40769	-1.5457
-0.81399	0.3226
-1.1127	0.47653
-0.93121	-0.20852
0.58386	-0.76112
0.31526	1.2998
0.73049	0.20478
1.6064	-0.52928
0.80923	0.038298
1.1508	-0.69983
-0.71043	-1.2428
0.1208	-1.8225
-0.98972	-0.33783
-0.30583	-0.68229
-1.0431	-1.3418
-1.5487	0.054033
-0.82269	-0.4678
-0.96259	0.059668
-0.32114	-1.0361
-0.67425	0.12271
-0.2171	-1.0131
-0.87997	0.72296
0.75301	-0.66779
0.70081	-0.75758
-0.45081	0.9322
1.3581	-0.86411
1.4665	0.53309
0.90911	-1.3222
-1.2201	0.99577
-0.50761	-0.75716
-0.54819	-0.11447
-0.72577	-1.124
-1.9759	1.0531
-0.77857	-0.09154
-0.67651	-0.57912
-1.003	-0.018759
-0.80853	0.33123
-1.0549	0.37596
0.1397	-0.89186
0.70301	-1.0476
0.09442	0.85912
0.31294	0.17769
0.30713	0.095806
1.322	0.20347
1.9698	0.77423
1.6758	1.7545
-0.052848	1.6238
-0.3443	0.55352
0.76082	-1.4764
-0.49944	-0.43032
0.54247	-0.097052
-0.032452	-0.86315
-0.56188	0.097878
0.3125	-1.6515
-1.3065	0.015345
-0.43239	0.11111
0.19218	-0.084082
-0.46969	1.7303
-0.33161	1.2913
1.1029	-0.91606
0.18651	0.71789
0.075907	2.1723
2.3564	-0.029333
1.6029	1.2004
1.706	0.79653
1.752	0.93851
0.51265	-0.058726
-0.18454	0.78448
-0.12655	0.34706
0.2038	-1.1667
-0.79269	0.17629
-0.76136	-0.2175
-0.80958	0.5848
-0.18067	-0.96889
-0.4806	-0.21005
-2.0119	0.42299
-0.76224	-1.4417
-1.1892	0.51243
-0.47635	2.3025
0.15582	0.60299
0.72246	-0.97402
-0.057193	1.4289
0.71675	1.9222
0.63435	0.42853
0.55991	1.0094
0.82238	-0.91158
0.054413	1.7487
0.27227	-0.94977
-1.1386	-0.48132
-0.46419	-0.10617
-0.42772	0.37284
-0.5427	0.91266
-0.030076	0.47506
-0.33278	-0.44451
-0.66001	-0.071389
0.53277	-1.2898
-0.48878	-0.35316
0.80245	-0.72531
1.1477	-0.68254
0.9902	-0.11021
0.76524	0.016975
0.63839	0.97814
0.59545	0.29863
1.4654	-0.43739
0.03879	0.31976
-0.47755	-1.6851
-0.95034	-0.45742
-0.14823	-1.044
-1.0667	-0.52037
-0.14118	0.26362
-0.033677	-0.70245
0.044379	0.28754
-1.8752	0.90553
-2.6988	1.2788
-2.1553	0.58187
-3.4875	1.3312
-2.2843	0.4269
-0.058498	0.2163
3.3042	-0.15423
1.5131	2.0402
0.73735	-2.6293
-1.7182	-1.1337
-2.7739	0.68909
-0.72281	0.66001
1.9093	-1.3439
0.95656	0.85393
1.3865	-1.4576
0.17973	-0.98793
-0.2599	0.32965
0.28394	-0.4891
2.0093	0.97434
2.6413	1.4089
2.2637	1.6236
1.9591	-0.3249
-0.2503	1.0126
-0.61982	-0.49686
0.89474	-1.036
1.4647	0.68967
-0.39589	0.54976
0.15002	-0.43151
-0.079431	-0.95169
-0.88757	-0.0038866
-0.30846	-0.39707
1.2406	-0.86534
-0.087838	0.77402
-1.1073	2.1422
-0.78469	-0.90309
-0.57281	-0.019284
0.63969	-0.082348
0.56124	1.8822
1.5536	0.77621
1.1808	2.6334
1.6521	-0.46468
0.78108	0.74558
-0.49608	-0.021962
0.043733	-0.36876
0.48466	-0.9489
-0.60313	0.57776
-0.19735	-0.34971
-0.10695	-2.3687
-0.12149	0.079629
0.079629	-0.030232
0.54854	0.88416
0.70859	-1.1298
0.93052	-2.4031
-0.3469	-0.96755
0.99236	-0.8398
0.10464	1.4719
1.1769	0.91733
1.6285	1.3121
-0.042719	1.8017
0.80338	0.55171
-0.50147	0.69511
0.34201	-1.2793
-0.65252	-1.0271
-0.48322	-0.8104
-0.16943	0.13855
-0.063294	0.070173
-1.407	0.37675
-0.83766	0.63416
-0.17566	-0.4625
-0.92279	0.70909
-0.16789	-1.2125
-0.40976	0.41832
-0.43972	-0.81725
0.60341	-1.8943
-0.22879	1.25
1.4232	-0.52427
0.82229	1.0152
0.22651	2.9892
0.14774	1.3328
-0.36745	-0.89696
-1.0307	0.92835
-0.68114	-0.49948
-0.97552	-0.4844
-0.5839	-0.59818
0.1879	-0.92637
-1.8275	-1.4105
-0.48915	-1.5552
-1.0098	-1.2773
-0.7492	-0.9923
-0.42675	0.47674
-1.2779	0.77599
-0.87623	-0.34222
0.68005	-0.61775
0.20554	1.4006
1.0039	0.089826
1.6815	-0.8314
0.85986	-0.16488
0.74477	-0.81799
-0.77541	-1.3616
0.27402	-1.8172
-0.81568	-0.65962
-0.32735	-0.42667
-0.93034	-1.1006
-1.5817	0.014283
-0.96161	-0.52948
-0.79227	0.16465
-0.28046	-1.2992
-0.15615	-0.0019133
0.301	-1.1588
-1.1633	0.46035
0.48739	-0.86492
0.68898	-0.52921
-0.21611	0.55172
1.7463	-0.97925
1.5353	0.31507
0.74149	-1.1794
-0.76173	0.90196
-0.50471	-0.87005
-0.42233	-0.55239
-1.0986	-1.4786
-2.1273	1.1013
-1.147	0.37471
-1.2579	-0.72735
-0.54286	0.25971
-0.88969	0.37814
-0.82142	0.32958
-0.05561	-1.4459
0.34287	-0.99069
-0.31152	0.823
0.1986	0.36344
0.22171	0.14088
1.6451	0.31191
1.6626	0.56767
1.6373	1.5635
0.17414	1.5695
-0.33685	0.75218
0.95016	-1.4725
-0.73734	-0.79127
0.42189	0.094203
0.085503	-0.81198
-0.69573	0.11574
0.15883	-1.0823
-1.153	0.03082
-0.70284	-0.53009
0.40723	-0.38945
-0.71372	1.97
0.081429	1.0138
1.1136	-0.73093
0.16514	0.19612
0.076764	2.1125
2.7359	0.14807
2.0477	1.452
2.0292	0.91623
1.7781	0.79916
0.71765	0.15381
-0.40326	0.86239
-0.24263	0.54835
0.33351	-1.395
-0.77894	-0.22893
-0.66156	-0.22259
-0.90535	0.44552
-0.26916	-0.76571
-0.83526	-0.21921
-1.7639	0.25338
-0.74455	-0.97961
-0.96637	0.50039
-0.11154	1.9191
-0.096601	0.37795
0.45922	-0.71381
-0.26299	1.2794
1.1427	2.013
0.90736	0.73373
0.35351	1.0777
0.74895	-0.41019
0.37251	1.6283
0.32467	-0.7851
-0.83337	-0.28342
-0.19782	-0.44359
-0.30434	0.71395
-0.64166	0.86781
0.14902	0.45267
-0.2713	-0.2721
-0.2285	0.47936
0.53668	-1.6039
-0.57421	-0.070903
0.45775	-0.60714
1.1761	-0.46098
0.71925	0.25094
1.1867	0.55681
0.40767	1.0055
0.53586	-0.13479
1.44	-0.3435
-0.41433	0.11286
-0.61311	-1.601
-0.56971	-0.095175
0.2284	-0.80697
-0.79916	-0.061595
-0.13731	0.08521
-0.10488	-1.3682
-0.010965	0.13311
-1.9467	0.9218
-2.8469	1.2455
-2.0031	0.68098
-3.5056	1.0209
-2.3282	0.41388
0.51615	0.12432
3.0062	-0.47194
1.6944	1.955
0.15704	-2.6954
-1.6072	-1.4402
-2.2307	0.57115
-0.91492	0.65472
1.7382	-1.7298
0.9683	0.56854
1.3971	-1.2896
0.008822	-1.1533
-0.031279	0.45823
0.0016062	-0.53421
1.9767	0.64077
2.368	1.3116
2.2177	1.536
1.9206	-0.16248
-0.46305	0.80163
-0.24466	-0.80812
1.4129	-1.1907
1.2724	0.9599
-0.62814	0.86372
0.16557	-0.17285
-0.18168	-0.9876
-1.143	0.40788
-0.24085	-0.62771
1.5363	-0.85513
0.11796	0.78136
-1.1651	2.0589
-0.29959	-0.73586
-0.8816	0.39399
0.88002	-0.31382
0.47164	1.9819
1.6199	1.0325
1.0635	2.9851
1.1429	-0.75
0.68345	0.30858
-0.4613	0.033033
-0.13221	-0.39726
0.47712	-0.92357
-0.76904	0.45187
-0.20965	-0.23027
-0.5102	-2.579
-0.51958	-0.14808
0.35308	0.036117
0.62559	1.0187
0.44283	-1.4871
0.99231	-2.3225
-0.23234	-1.0098
1.1107	-0.91533
0.17677	1.504
0.96874	1.0038
1.554	1.3046
0.51157	1.8469
1.1828	0.69145
-0.33584	0.64461
0.25884	-1.1431
-0.32095	-0.94355
-0.21527	-0.66784
0.16632	0.054612
-0.83938	0.0097246
-1.5861	0.48041
-0.77735	0.83312
-0.42725	-0.73
-0.97646	0.71843
-0.24613	-1.3613
-0.94469	0.29787
-0.3173	-0.23592
0.42433	-1.9576
-0.40699	1.0663
1.076	-0.5747
0.46085	0.69886
0.084518	3.1158
0.11449	1.2594
-0.61928	-1.1901
-1.3357	1.1725
-0.76059	-0.64193
-0.6552	-0.1208
-0.644	-0.51345
-0.052283	-0.9781
-1.7376	-1.1616
-0.24197	-1.2318
-0.84431	-1.3089
-0.61635	-1.5487
-0.50666	0.58755
-1.3433	0.60201
-0.78924	0.0036741
0.4327	-1.2781
0.34309	1.1933
0.86984	0.45196
1.2812	-0.51252
0.89836	-0.094763
0.9182	-0.73685
-0.82463	-1.8388
0.50896	-1.5056
-0.80815	-0.6403
-0.62632	-0.46217
-0.9384	-1.1545
-1.4362	0.14042
-0.75495	-0.30659
-0.92434	-0.085853
-0.2462	-1.0782
-0.65322	-0.085125
0.066463	-1.1521
-1.1378	0.59324
0.33599	-0.44775
0.4039	-0.38673
-0.53686	0.75149
1.2628	-0.77749
1.4871	0.79868
1.0542	-0.99622
-0.86845	0.94247
-0.55836	-0.55057
-0.81337	-0.18677
-1.1535	-1.4208
-2.0134	1.0153
-1.359	-0.15944
-1.229	-0.7926
-0.95017	0.23516
-0.63443	0.58986
-1.283	0.26518
0.078684	-0.65974
0.72973	-0.87383
0.25079	0.55535
0.2256	0.32857
0.39093	-0.051512
1.2788	0.31641
2.1508	0.87936
1.8446	1.8028
-0.19353	1.5413
-0.2178	0.78802
0.94272	-1.9493
-0.48124	-0.57458
0.94573	0.44595
-0.4088	-0.66243
-0.75989	-0.089532
0.2717	-1.3631
-1.1969	-0.12512
-0.80746	-0.033271
0.30086	-0.12846
-0.41591	1.9895
-0.64108	1.3021
0.92051	-1.0678
0.33977	0.48737
-0.16353	2.548
2.1724	-0.0052065
1.998	1.2996
1.6469	0.63933
1.7121	0.73656
0.57894	0.033771
-0.34331	0.9274
-0.17302	0.45817
0.61913	-1.0638
-1.0697	-0.088258
-1.0006	-0.010182
-0.94868	0.49241
-0.19798	-0.6031
-0.74327	-0.0064307
-1.6988	0.44613
-0.74647	-1.102
-1.237	0.44246
-0.73013	2.5189
0.24023	0.69185
0.50546	-1.0809
-0.2374	1.5722
1.0356	1.8467
0.32943	0.66812
0.66464	1.447
0.5233	-0.52489
-0.16457	1.8022
0.26559	-0.56384
-1.0905	-0.095361
-0.29433	-0.35003
-0.20041	0.4835
-0.82361	0.89095
0.015945	0.34824
-0.64955	-0.35726
-0.73803	-0.024453
0.34794	-1.311
-0.44633	-0.086291
0.81785	-0.43535
1.1589	-0.14658
1.1173	0.23459
0.94613	-0.013144
0.80413	1.0502
0.95547	-0.06335
1.0976	-0.5654
-0.79002	-0.15408
-0.043246	-1.566
-0.7726	-0.36996
-0.021057	-1.0385
-0.73095	-0.22645
0.045712	-0.22155
-0.047486	-0.73274
0.062805	-0.16026
-1.915	1.0287
-2.9632	1.5738
-2.0479	0.40371
-3.2943	0.58638
-2.7071	0.26117
0.534	0.047538
2.9455	-0.14315
1.3073	1.738
0.8509	-2.1936
-1.8263	-1.0351
-2.5063	0.71818
-0.86334	0.56215
2.1421	-1.1475
1.1742	0.78116
0.93863	-1.468
0.2898	-0.68924
0.079976	0.3705
0.097683	-0.45458
1.9428	0.61132
2.4685	1.2998
2.3317	1.7143
2.008	-0.29974
0.024071	0.83181
-0.085802	-0.79307
1.1063	-1.245
1.1967	0.62795
-0.4925	0.54199
0.1511	0.039002
-0.31097	-1.0225
-0.67736	-0.0058003
-0.063453	-0.77349
1.234	-1.1336
-0.50862	1.2131
-1.2231	2.1108
-0.23142	-0.51442
-0.86103	0.022792
0.64707	-0.28722
0.45002	1.8598
2.0953	0.78006
1.3473	2.3212
1.4034	-1.0138
0.60509	0.26881
-0.37422	0.03338
-0.25588	-0.35515
0.57031	-0.56084
-1.2427	0.42093
-0.58574	-0.2304
0.059355	-2.507
-0.31133	0.048259
0.10634	-0.10468
0.8507	0.76225
0.50343	-1.5089
0.87455	-2.3755
-0.18727	-0.61008
0.83421	-1.0611
0.31263	1.212
1.0337	0.83572
1.6101	1.6795
0.42512	1.969
1.2088	0.54185
-0.65346	0.71703
0.36496	-1.4966
-0.66259	-1.3128
-0.082392	-0.55239
-0.17602	0.09315
-0.12187	-0.12705
-1.2768	0.43491
-1.0335	0.92232
-0.038828	-0.4525
-0.69386	0.6531
-0.016709	-1.3691
-1.0496	0.073609
-0.27936	-0.33135
0.64525	-1.7356
-0.11217	1.2701
1.3853	-0.88903
0.39603	0.69144
0.17817	2.9377
-0.16052	1.5629
-0.50922	-0.97657
-1.1798	0.71707
-0.8767	-0.88326
-0.73686	-0.39332
-0.5898	-0.48682
-0.39486	-0.67862
-1.652	-1.3693
-0.35697	-1.3576
-0.50325	-1.1091
-0.76062	-1.5102
-1.1446	0.5094
-1.1676	0.54448
-0.92573	-0.47275
0.32018	-0.76758
0.73342	1.3113
0.81712	0.11649
1.2215	-0.65829
1.1497	-0.26449
0.88979	-0.82381
-0.58985	-1.4834
0.32168	-1.9599
-1.1543	-0.55812
-0.30585	-0.48452
-0.68345	-1.0349
-1.5424	-0.011344
-0.61159	-0.10627
-0.80456	0.16903
-0.40237	-1.1778
-0.54637	0.1641
0.037032	-1.1796
-1.2788	0.25715
0.58862	-0.946
0.58017	-1.0126
-0.34338	0.73792
1.4266	-0.60539
1.4999	0.33061
0.74628	-1.2917
-0.91099	0.6212
-0.4123	-0.81088
-0.64637	-0.047848
-1.1675	-1.1033
-1.9692	0.81398
-0.73979	0.14548
-1.0406	-0.64559
-0.60164	-0.15088
-0.82962	0.59447
-0.89825	0.30032
-0.093779	-0.6909
0.39858	-0.63621
-0.0083699	0.75213
0.62763	-0.13739
0.56199	-0.33844
1.5273	0.24985
1.9612	0.59409
1.9863	1.8998
0.02528	1.6894
-0.43405	0.70056
0.73405	-1.6775
-0.38934	-0.89658
0.36	0.35022
-0.050034	-0.81463
-0.90506	-0.16067
0.49171	-1.4287
-1.1015	-0.024909
-0.83651	-0.42788
0.28609	0.010296
-0.39121	2.0118
-0.26437	1.2536
0.85501	-0.99098
0.092082	0.38204
0.035391	2.3849
2.2165	-0.22472
2.1519	1.5043
1.8136	1.1382
1.5915	0.83561
0.56552	0.20824
-0.50739	1.2416
-0.046438	0.22089
0.278	-1.223
-0.87867	-0.24327
-0.76119	-0.036678
-1.0813	0.39105
-0.085261	-0.67683
-0.83206	-0.63252
-1.5636	0.70505
-1.045	-1.0589
-1.0494	0.70564
-0.77355	2.5403
-0.052291	0.79299
0.74286	-1.1862
-0.11812	1.3456
1.2333	1.8789
0.7694	0.33649
0.30608	1.1603
0.70073	-0.36125
-0.063253	1.8597
0.17692	-0.85354
-0.82822	-0.15329
-0.52273	-0.43993
0.13423	0.48723
-0.45795	0.96265
0.018021	0.5716
-0.20466	-0.071782
-0.62766	0.1798
0.17439	-1.2263
-0.86142	-0.42883
0.785	-0.67151
1.1624	-0.39797
1.0921	0.62753
0.86049	-0.10467
0.66359	1.1114
0.61768	0.057299
1.0202	-0.47885
-0.11162	0.3835
-0.34175	-1.2341
-0.73175	0.1868
-0.13954	-0.87054
-1.1919	-0.12463
-0.51115	-0.05359
-0.28794	-0.80516
0.27785	0.49904
-2.0659	0.86978
-2.7463	1.3289
-1.8128	0.32366
-3.1537	0.88367
-2.9123	0.38083
0.51825	0.095393
2.8752	-0.1753
1.6564	1.8408
0.90254	-2.5696
-1.5984	-1.531
-2.596	0.82489
-0.91198	0.69902
1.9321	-1.2902
1.0956	0.56295
1.3345	-1.2578
-0.086118	-0.94413
-0.22034	0.45776
0.53281	-0.52069
2.0225	0.25996
2.0279	1.1798
2.4888	1.4008
1.8577	-0.20524
-0.080671	0.85261
-0.16968	-0.77264
0.91994	-1.3007
1.3225	0.90132
-0.27035	0.63925
0.32147	-0.46211
-0.43199	-1.3079
-0.99278	-0.064078
0.010204	-0.90469
1.2497	-0.83159
-0.27511	0.78032
-0.8746	2.1314
-0.33983	-0.42176
-0.43951	0.10854
0.47401	-0.30244
0.51567	1.7465
1.7016	0.69542
1.2921	2.3695
1.4382	-0.94368
0.5796	0.57226
-0.27533	0.13246
-0.0027366	-0.25363
0.47869	-0.75358
-1.1633	0.48449
-0.11046	-0.19402
-0.26752	-2.0148
-0.496	-0.15948
0.025957	-0.035958
0.69712	1.074
0.39152	-1.4172
1.0325	-2.3605
0.26922	-0.89348
0.8275	-0.91302
0.13398	1.4226
0.85998	0.83384
1.4277	1.6578
0.30759	2.1682
1.3494	0.44717
-0.38664	0.53294
0.24456	-1.3074
-0.6804	-1.1673
-0.30515	-0.79168
-0.14126	-0.073655
-0.3601	-0.34962
-1.4913	0.48087
-0.99156	0.97535
-0.5215	-0.31043
-0.89008	0.80741
-0.096564	-1.3015
-0.81268	0.23726
-0.033012	-0.37516
0.38532	-1.659
0.032596	1.1459
1.2009	-0.3506
0.8728	0.91228
0.35073	3.0612
0.23996	1.4915
-0.29529	-0.91104
-1.333	1.2223
-0.54292	-1.0347
-0.53172	-0.27626
-0.38302	-0.65901
-0.76515	-0.53606
-1.7656	-1.3924
-0.2899	-1.4327
-1.0365	-1.4307
-0.35974	-1.2201
-0.66663	0.78549
-1.5807	0.53404
-0.60572	-0.38414
0.31176	-0.94189
0.045047	1.2908
0.95239	0.13222
1.288	-0.51809
0.86557	-0.16875
1.0021	-0.83865
-0.70916	-1.619
0.28957	-1.9807
-1.0628	-0.90851
-0.49992	-0.39285
-0.72878	-1.2387
-1.4135	-0.16079
-1.0933	-0.54454
-0.7651	-0.30594
-0.51861	-0.82046
-0.4614	0.093945
-0.0064616	-1.3017
-1.1807	0.68212
0.29494	-0.7505
0.42049	-0.68173
-0.10576	0.79467
1.5053	-0.7016
1.5021	0.56782
0.97253	-1.1781
-0.69978	1.0549
-0.47236	-0.84398
-0.62439	-0.4694
-1.0474	-1.2661
-2.0029	1.1715
-1.2252	0.24654
-0.82397	-0.76321
-0.94156	0.17229
-0.78817	0.34728
-1.2678	0.18862
-0.11038	-1.0033
0.23177	-0.59522
0.091055	0.79794
0.068968	0.31307
0.50665	0.29484
1.3772	0.10056
1.8985	1.0029
1.2915	1.6729
-0.13971	1.6695
-0.083614	0.59273
1.0739	-1.379
-0.74779	-0.7359
0.72252	0.16642
-0.38433	-0.60282
-0.82455	0.36532
0.13437	-1.352
-1.0204	-0.10897
-0.54565	-0.35025
0.25144	-0.37174
-0.69309	2.1415
-0.047654	1.2625
1.2973	-0.99527
0.025812	0.35474
0.04961	2.3069
1.7687	-0.097687
2.1272	1.2358
1.795	0.99216
1.7889	0.79777
0.57176	-0.021828
-0.32373	1.2855
0.070832	0.52222
0.38051	-1.04
-0.92995	0.2696
-0.98545	0.11965
-0.87404	0.23452
-0.46578	-0.32858
-0.71864	-0.85334
-1.7078	0.33947
-0.69447	-0.76165
-1.0962	0.74638
-0.42491	2.4355
-0.5328	0.97003
0.2536	-0.78449
-0.20834	1.4663
0.89063	2.3039
0.43044	0.721
0.45912	1.1527
0.61427	-0.68725
0.12636	1.8614
0.36748	-0.89954
-0.96539	-0.42881
-0.14901	-0.23996
-0.26309	0.65551
-0.58895	0.78508
-0.28466	0.26856
-0.1819	-0.26311
-0.33807	0.025781
0.29918	-1.4047
-0.56897	-0.1286
0.96883	-0.55565
1.1256	-0.39235
1.2159	0.10968
1.1168	0.16136
0.58766	1.2122
0.90935	-0.0062675
1.0508	-0.7954
-0.10941	-0.19247
-0.49663	-1.4277
-0.6609	-0.26709
-0.13682	-1.0759
-0.60715	-0.071043
-0.21689	-0.27172
-0.074454	-0.59093
0.40185	0.016672
-2.0397	0.60949
-2.5571	1.2773
-1.8934	0.29746
-3.3714	1.1628
-2.1939	0.18838
0.53668	-0.17978
3.1965	-0.14143
1.8587	1.8988
0.59637	-2.6587
-1.5018	-1.5107
-2.1718	0.70398
-0.5286	0.22324
1.7814	-1.5446
1.0141	0.32733
1.3095	-1.2239
0.22473	-1.0431
0.18988	0.58842
0.22224	-0.20664
1.9127	0.64292
2.6885	1.4579
2.1869	1.6083
1.8006	-0.36409
-0.2421	1.0329
-0.31428	-0.53183
0.95492	-0.89362
1.3046	0.88274
-0.48479	0.41819
0.25456	-0.15663
-0.3821	-1.157
-1.1656	-0.12728
-0.1551	-0.1745
1.2751	-0.70969
-0.41854	0.90327
-1.1191	2.0584
-0.62262	-0.32649
-0.39175	-0.059646
0.47993	-0.25136
0.75134	1.637
1.539	0.80589
1.2224	2.3909
1.116	-0.5981
0.79704	0.36731
-0.47582	0.46376
-0.33792	-0.1411
0.59179	-0.71437
-0.75067	0.14857
-0.13131	-0.15768
-0.31718	-2.5429
-0.31345	-0.48696
0.31697	-0.14661
0.87416	0.72967
0.87583	-1.6789
0.72073	-2.5709
-0.0064583	-1.0432
0.94524	-0.67604
0.081655	1.5032
0.68964	0.99011
1.2381	1.5545
0.5333	1.9079
0.86017	0.81281
-0.51725	0.69696
0.09508	-1.4664
-0.3175	-1.1257
-0.57422	-0.44819
-0.33034	0.075208
-0.41286	-0.23419
-1.4195	0.54959
-0.78739	0.96429
-0.36781	-0.5343
-0.70383	0.96962
-0.35654	-1.584
-1.165	0.23339
-0.43691	-0.56321
0.4306	-1.5684
0.057487	1.1056
1.5023	-0.68397
0.99683	0.85324
0.45285	2.9744
0.067986	1.4216
-0.58087	-0.82684
-1.3848	1.1376
-0.66285	-1.0158
-0.77844	-0.51099
-0.39247	-0.45042
-0.71751	-0.71127
-1.7867	-1.3943
-0.27478	-1.4533
-1.1993	-1.5313
-0.27985	-1.1994
-0.86969	0.43139
-1.256	0.60871
-0.80892	-0.39209
0.32724	-0.95484
0.51076	1.4255
0.81166	0.19207
1.3461	-0.45983
1.0942	-0.21127
0.892	-1.038
-0.33763	-1.9993
0.44649	-1.8781
-0.92026	-0.4588
-0.45478	-0.67013
-0.84265	-1.3105
-1.5184	-0.17264
-0.80633	-0.38144
-0.36676	0.069822
-0.27104	-1.0063
-0.77354	0.04819
-0.15161	-1.332
-0.69438	0.55457
0.15192	-0.85729
0.57707	-0.81138
-0.36997	0.69117
1.8347	-0.91716
1.6481	0.85412
0.75606	-1.2802
-0.63152	0.7706
-0.519	-0.53819
-0.6132	0.24588
-1.2715	-1.4786
-2.1335	1.09
-0.99773	0.58396
-1.0995	-0.8559
-0.85754	0.010461
-0.6885	0.49865
-1.3497	0.35047
0.078733	-0.69254
0.16574	-0.69147
-0.21641	0.76734
0.57841	-0.047701
0.4562	-0.15173
1.3974	0.087003
2.2179	1.0305
1.5559	1.6608
0.25374	1.5544
-0.12674	0.82096
0.77014	-1.4275
-0.614	-0.60866
0.65078	-0.12552
0.025833	-0.77275
-0.66582	0.21909
0.24107	-1.5404
-1.2757	-0.35297
-0.33971	-0.49721
0.36252	-0.16253
-0.51415	1.9576
-0.29211	1.2538
1.0131	-0.73236
0.027205	0.53363
0.16819	2.4081
2.3826	-0.17436
1.9988	1.415
1.811	0.66483
1.9548	0.52058
0.61311	0.20398
-0.41112	0.92837
-0.29041	0.45372
0.74043	-1.2783
-0.81724	-0.069652
-0.81091	0.26397
-1.041	0.61192
-0.17029	-0.68652
-0.5774	-0.27877
-2.0464	0.22269
-0.41831	-1.3896
-1.2273	0.67067
-0.94827	2.3764
-0.32228	0.73613
0.50758	-0.8342
-0.074538	1.136
1.1411	2.1581
0.8111	0.67482
0.51723	1.2125
0.57794	-0.92329
0.13089	1.6789
0.71384	-1.0883
-1.0825	-0.2509
0.010522	-0.17042
-0.44396	0.53052
-0.77742	1.0177
0.28348	0.57044
-0.2723	-0.14981
-0.93612	0.059434
0.60579	-1.3143
-0.34997	-0.3537
0.8477	-0.89876
1.0883	-0.40918
1.037	0.47672
0.93924	0.044768
0.5273	1.2887
0.61014	-0.047039
0.89461	-0.83252
-0.18482	-0.20037
-0.25333	-1.3487
-0.7298	-0.49663
-0.34879	-0.92123
-0.91386	-0.22841
-0.11609	-0.15761
-0.027305	-0.85217
-0.11361	0.35228
-1.7464	0.7904
-2.3983	1.6124
-1.959	0.31897
-2.9142	1.036
-2.2798	0.048247
0.65425	0.23137
3.0586	-0.30988
1.569	1.7647
0.73171	-2.3962
-1.7075	-1.0726
-2.2184	0.79785
-0.80045	0.63518
1.8941	-1.1134
0.59978	0.96055
1.1432	-1.0394
0.01584	-1.129
0.078666	0.26887
0.25748	-0.16454
2.1232	0.35093
2.4569	1.2484
2.2633	1.6378
1.9542	-0.20683
-0.43752	0.7738
-0.40367	-0.41726
1.3845	-1.1999
1.4913	0.77809
-0.62696	0.60822
0.0039725	0.062733
-0.49014	-0.88223
-1.1731	-0.021916
-0.19804	-0.78062
1.0371	-1.0984
-0.10213	1.0389
-1.1764	2.0537
-0.58867	-0.7907
-0.60618	0.062301
0.80261	-0.050459
0.56076	2.1049
1.7109	0.84804
1.0392	2.9419
1.2902	-0.72929
0.67389	0.011003
-0.38942	-0.14104
-0.029906	-0.15581
0.33412	-0.78222
-0.9232	0.52402
-0.48883	-0.56367
-0.24896	-2.3793
-0.35598	-0.33061
0.095578	-0.017702
0.77104	0.9384
0.77412	-1.4639
0.9365	-2.3815
-0.030632	-1.0172
1.1725	-0.77546
-0.074661	1.3973
0.48594	1.0555
1.2674	1.71
0.57815	1.985
1.0303	0.59931
-0.92636	0.79412
0.24782	-1.2115
-0.35626	-1.1132
-0.29166	-0.64302
-0.38167	0.14836
-0.41839	-0.40936
-1.5331	0.52744
-0.44074	1.2238
-0.79772	-0.62348
-1.0459	0.36237
0.28736	-1.3779
-0.80844	0.007907
-0.46707	-0.31402
0.50606	-1.8116
-0.16782	1.4705
1.1316	-0.23263
0.97902	1.0689
0.28904	3.2164
-0.26176	1.7026
-0.45641	-0.7947
-1.2024	0.95334
-0.41073	-1.1913
-0.94566	-0.13451
-0.25377	-0.80481
0.099082	-0.68835
-1.602	-1.3023
-0.40527	-1.5255
-0.96674	-1.4805
-0.35999	-1.2964
-0.43591	0.32089
-1.3627	0.62994
-1.2402	-0.24772
0.829	-1.022
0.14856	1.3807
1.1952	0.030457
1.359	-0.32656
1.3544	-0.25246
0.94917	-1.1026
-0.82382	-1.9166
0.43184	-1.6768
-0.72077	-0.63218
-0.38663	-0.52831
-0.89631	-1.1171
-1.6628	-0.22423
-0.72922	-0.53535
-0.75033	-0.16035
-0.16044	-0.8304
-0.18313	-0.30084
-0.16323	-1.4261
-1.1932	0.43247
0.055819	-0.89855
0.66215	-0.76655
-0.39952	0.60483
1.5555	-0.64736
1.4855	0.58943
0.84998	-1.3952
-0.79189	0.73651
-0.32374	-0.91642
-0.6036	-0.25622
-1.0368	-1.2904
-1.9745	1.1492
-0.91148	0.12301
-1.0807	-0.59612
-1.1027	-0.20724
-0.62489	0.81058
-1.0001	0.36596
-0.21629	-0.81368
0.24402	-1.1227
0.17209	0.29693
0.25549	0.259
0.4259	0.042992
1.4777	0.49026
2.1827	0.73772
1.6058	1.5053
0.092658	1.8428
-0.62676	0.86297
0.80573	-1.4243
-0.66179	-0.79238
0.66957	0.15533
-0.034018	-0.29961
-0.6467	-0.071358
0.21819	-1.3244
-1.0866	-0.043301
-0.55467	-0.625
0.57685	-0.079249
-0.66086	1.8505
-0.14476	1.2463
1.208	-0.76364
0.24201	0.063897
-0.16962	2.2383
1.9768	-0.13576
2.1278	1.0895
1.6823	0.68406
1.6721	0.89555
0.31857	0.10372
-0.17791	1.0595
-0.002034	0.7413
0.67483	-1.1057
-0.58339	-0.111
-0.59149	0.35163
-1.0735	0.67022
-0.51423	-0.7789
-0.24081	-0.44413
-1.8187	0.41544
-0.57813	-1.1031
-1.0137	0.72517
-0.74182	2.1935
-0.34124	1.2065
0.85744	-0.75674
-0.39085	1.5957
1.0047	1.7785
0.45869	0.73142
0.32965	0.5389
0.61456	-0.49448
0.062596	1.8682
0.61532	-0.7523
-1.0814	-0.33296
-0.047446	-0.10352
-0.21479	0.2892
-0.68011	0.93766
-0.10586	0.5591
-0.31364	-0.54019
-0.45137	0.06762
0.40514	-1.154
-1.198	-0.51886
0.79688	-0.44412
1.5062	-0.26204
0.97513	0.32957
0.97623	0.02856
0.44863	1.0504
0.87607	0.062239
1.3547	-0.38394
-0.22645	-0.15059
-0.63163	-1.3513
-0.98776	-0.077064
-0.55703	-0.58486
-0.92115	-0.27859
-0.099087	-0.30824
-0.085866	-0.6287
0.16731	0.11221
-2.0791	0.83576
-2.4023	1.1914
-2.1666	0.19778
-3.1868	1.1775
-2.2192	0.21218
0.39095	-0.1735
2.8765	-0.44892
1.722	1.9708
0.64323	-2.4082
-1.4648	-0.90653
-2.4282	0.57155
-0.90972	0.454
1.8919	-1.5582
0.95725	0.66139
1.2414	-1.481
0.13125	-0.9828
0.085317	0.67153
0.35201	-0.53103
2.1118	0.44222
2.0127	1.4199
2.2262	1.7284
2.1351	-0.22928
-0.40418	0.89947
-0.65256	-0.75771
0.97756	-1.1923
1.3742	0.79836
-0.54812	0.6996
0.18065	0.024037
-0.41795	-1.005
-0.98587	-0.18939
-0.16221	-0.47714
0.93017	-0.8769
-0.11229	0.98952
-0.88822	2.0266
-0.076426	-0.71742
-0.56502	0.010081
0.34937	0.01901
0.42092	1.8973
1.5312	1.1062
1.5153	2.7567
1.3883	-0.67356
1.1652	0.63601
-0.57228	0.3847
-0.13974	-0.55044
0.27633	-0.86093
-0.9446	0.30659
-0.41892	-0.55302
-0.12358	-2.2675
-0.2773	0.068257
-0.10114	0.22255
0.72389	1.0249
0.73637	-1.6351
0.7442	-2.3124
0.23056	-0.90469
0.78663	-0.75117
-0.1737	1.5566
0.68879	0.70928
1.6604	1.3412
0.43577	2.1093
0.91688	0.5213
-0.47722	0.56903
0.18448	-1.1432
-0.31306	-1.2437
-0.30734	-0.57064
-0.61923	0.15955
-0.35348	-0.28082
-1.7246	0.36989
-0.92508	0.61255
-0.24076	-0.63178
-0.89634	0.60836
-0.17306	-1.18
-0.6777	0.30977
-0.12669	-0.51072
0.91574	-1.5701
-0.20598	0.9593
1.4338	-0.82614
0.82968	0.85579
0.31682	2.8387
-0.069476	1.6727
-0.62825	-0.9394
-1.1421	1.089
-0.43785	-1.0092
-1.0786	-0.17383
-0.50661	-0.46219
-0.034512	-0.45009
-1.7604	-1.1653
-0.29783	-1.3789
-0.79479	-1.4185
-0.40348	-1.1725
-1.0116	0.17527
-1.5652	0.73901
-0.96833	-0.49054
0.22165	-1.0422
0.48511	1.1675
0.9224	0.23199
1.4329	-0.57525
0.88884	-0.086839
1.0594	-0.82791
-0.56888	-1.4226
0.53662	-1.5797
-0.7312	-0.58374
-0.44225	-0.33586
-0.80144	-0.96322
-1.1987	0.064646
-0.82575	-0.44316
-1.1372	-0.60196
-0.31208	-0.86395
-0.32386	-0.18922
0.13901	-1.3789
-0.62533	0.70954
0.16194	-0.60921
0.29218	-1.0033
-0.33947	0.84227
1.7228	-0.42812
1.6333	0.66094
0.76355	-1.3313
-0.71962	0.97821
-0.19698	-1.1587
-0.56728	-0.068923
-1.0276	-1.1963
-1.8253	0.83985
-1.0369	0.16718
-0.87844	-0.94449
-1.137	-0.016642
-0.62108	0.51688
-1.2329	0.51159
0.025428	-0.89756
0.53458	-1.1805
-0.092702	0.98445
0.15298	0.58857
0.18187	0.10569
1.3921	0.0046835
2.6022	0.93856
1.4097	1.7653
0.034459	1.621
-0.19411	0.91214
0.64123	-1.6637
-0.90728	-0.57172
0.45932	0.25918
-0.27365	-0.68124
-1.0834	0.22831
0.33033	-1.1617
-1.0918	-0.1526
-0.65047	-0.39285
0.57648	-0.22119
-0.38592	1.8647
-0.65035	1.287
1.0078	-1.2599
0.23233	0.75442
-0.027995	2.3872
2.0746	-0.72403
1.9628	1.2035
1.9238	0.85574
2.0917	0.77946
0.38836	0.49837
-0.47157	1.1734
0.055634	0.34215
0.54536	-1.2356
-0.76022	-0.26992
-0.84752	0.032431
-1.1265	0.47211
-0.42099	-0.65843
-0.4663	-0.28353
-1.7686	0.47716
-0.44102	-1.2515
-0.95766	0.60491
-0.43461	2.3347
-0.12873	0.9544
0.73403	-0.83318
-0.62854	1.567
0.92279	2.0078
1.0986	0.38317
0.23497	0.95771
0.93017	-0.77398
-0.019541	1.4884
0.24045	-0.71808
-1.0364	-0.12068
-0.44192	-0.039439
-0.39911	0.31353
-0.72982	0.772
-0.18846	0.29803
-0.40286	-0.48061
-0.46417	-0.031895
0.16003	-1.5186
-0.63129	-0.041425
0.7087	-0.50952
0.99604	-0.028941
1.154	0.27267
1.0323	-0.042534
0.81606	1.061
0.71797	0.14821
1.0057	-0.3006
-0.45844	0.25021
-0.48841	-1.4681
-0.74059	-0.44384
-0.28671	-1.1522
-1.0969	0.065664
-0.030037	-0.067016
0.023974	-0.69762
0.021714	0.23347
-1.8782	0.74301
-2.9349	1.2578
-1.8228	0.39206
-2.9002	0.83782
-2.1151	0.32727
0.46661	0.18823
2.9512	-0.20778
1.6182	1.6621
0.84745	-2.2022
-1.51	-1.1807
-2.6003	0.62393
-0.81392	0.61779
1.6992	-1.2301
1.0806	0.80045
1.3996	-0.99795
0.10908	-1.1751
0.13259	0.039729
0.65846	-0.068613
1.8694	0.57232
2.8318	1.231
2.477	1.4297
2.2541	-0.3314
-0.6449	1.1369
-0.12018	-0.70265
1.4771	-1.0589
1.1348	0.59178
-0.54356	0.50722
0.2309	-0.054374
-0.55163	-1.1328
-1.014	0.067572
0.023519	-0.61197
1.0327	-0.63431
-0.0050925	0.73269
-1.0642	1.8218
-0.37086	-0.65348
-0.64224	0.05312
0.46039	-0.13983
0.74285	1.8937
1.8051	0.88909
1.6795	2.8575
1.3787	-0.9507
0.86986	0.307
-0.42698	-0.065096
-0.14925	-0.36671
0.4056	-1.0135
-0.80111	0.28303
-0.17046	-0.59708
-0.039069	-2.3089
0.074482	-0.33424
0.32689	-0.016096
0.87377	0.88239
0.6629	-1.6285
1.0081	-2.7589
0.099734	-0.90911
0.67791	-0.95723
0.10415	1.2941
0.7359	0.92651
1.4771	1.3434
0.47485	1.8871
1.25	0.49518
-0.4749	0.81725
0.059447	-1.2655
-0.27249	-1.29
-0.17622	-0.72316
-0.20975	0.081799
0.021035	0.24085
-1.5744	0.62806
-0.66109	1.0615
-0.85085	-0.22037
-0.88579	0.49517
-0.086565	-1.4951
-0.89853	0.059883
-0.17871	-0.41272
0.51891	-1.8974
0.080899	1.2064
1.5089	-0.72449
0.56595	0.99645
0.14112	3.0991
0.034564	1.9624
-0.57153	-0.70658
-1.2509	0.88187
-0.50465	-0.95196
-0.70502	-0.28633
-0.12695	-0.44949
-0.1726	-0.98975
-1.4326	-1.292
-0.55252	-1.4664
-0.82988	-1.1543
-0.50141	-1.5021
-0.73263	0.39071
-1.4847	0.63245
-0.7934	-0.56281
0.042219	-0.57968
0.56086	1.1625
0.77007	0.23831
1.5081	-0.32798
0.6015	-0.20799
0.78005	-1.1067
-0.54174	-1.5131
0.20262	-1.8094
-1.1936	-0.61945
-0.82468	-0.73909
-0.84169	-1.0438
-1.4074	0.095355
-0.7169	-0.53035
-1.0532	0.21101
-0.2513	-1.0738
-0.78879	0.20001
-0.44066	-1.5062
-0.91499	0.5294
-0.17907	-1.0472
0.40721	-0.65124
-0.58965	0.74419
1.763	-0.53993
2.0402	0.36402
0.74618	-1.5367
-0.81244	0.93697
-0.71475	-0.89842
-0.47271	-0.24847
-1.2518	-1.394
-1.8991	0.84258
-0.83958	0.52621
-1.0695	-0.64929
-1.0235	0.16444
-0.91958	0.54985
-1.0428	0.65333
-0.065544	-1.193
0.25063	-0.7017
-0.31795	0.88001
0.43349	0.11953
0.1517	0.09163
1.5793	0.17607
2.1654	0.83669
1.5108	1.7047
0.081522	1.9943
0.13682	0.61624
0.73777	-1.4096
-0.68257	-0.44002
0.52353	0.1117
-0.23457	-0.80526
-0.74132	0.16581
0.29548	-1.4504
-1.3592	-0.52789
-0.52704	-0.23642
0.43402	-0.11444
-0.57997	1.6413
-0.15278	1.4189
0.93917	-0.69725
-0.029672	0.39226
-0.20783	2.5865
2.3062	-0.066451
1.9734	1.2162
1.9978	0.75048
1.6449	0.71855
0.90493	0.27028
-0.2156	1.2969
0.030468	0.80408
0.37388	-1.2064
-0.829	-0.22582
-0.64964	0.10885
-0.87412	0.46999
-0.1701	-0.92363
-0.53336	-0.3014
-1.8353	0.42539
-0.38441	-1.1392
-1.1293	0.46566
-0.55107	2.2485
-0.17934	0.64665
0.518	-1.135
-0.25012	1.4043
1.107	2.0049
0.89743	0.24936
0.65979	0.78098
0.50604	-0.35191
-0.046847	1.8859
0.42901	-1.111
-0.90696	-0.24558
-0.28094	-0.023262
-0.13678	0.65905
-0.8584	0.90663
-0.22853	0.55321
-0.5203	-0.53554
-0.56806	-0.15017
0.075947	-1.1643
-0.4951	0.007284
0.79438	-0.43111
1.0978	-0.12327
1.0385	0.2901
0.86352	0.03464
0.50078	1.2078
0.63692	0.15666
1.3342	-0.27499
-0.62133	-0.098486
-0.50271	-1.5638
-0.586	-0.35073
-0.10708	-1.0886
-1.0318	-0.12461
-0.066289	-0.15404
0.21393	-0.5355
0.20509	0.15285
-1.9181	0.92023
-2.5609	1.236
-1.8024	0.24778
-3.4562	0.91786
-2.1448	0.37957
0.28372	0.072411
2.8605	0.072303
1.6845	1.8737
0.83228	-2.5029
-1.4639	-1.0963
-2.5478	0.6589
-0.93413	0.53764
2.2198	-1.1678
1.192	0.85583
1.2675	-1.4524
0.12188	-1.0566
0.14586	0.66368
0.25996	-0.18211
2.2486	0.80782
2.2245	1.874
2.1719	1.8795
1.5898	0.091714
-0.28223	1.2144
-0.080292	-0.78995
1.1909	-1.175
1.5553	0.68935
-0.69929	0.69778
0.16936	-0.062027
-0.28799	-0.7602
-1.0645	-0.21945
-0.017469	-0.71765
0.94333	-0.7096
-0.51487	0.64511
-0.90587	2.1682
-0.68011	-0.76923
-0.75114	-0.063104
0.73782	-0.20902
0.32753	1.6902
1.5964	0.61072
1.415	2.5519
1.7232	-1.083
0.82595	0.58174
-0.46668	-0.07667
-0.14718	-0.035364
0.22587	-0.84621
-0.74682	0.61663
-0.36607	-0.72392
-0.53927	-2.3558
0.0076934	-0.091161
-0.24453	-0.2061
0.57307	1.0913
0.35145	-1.5471
0.96833	-2.4755
-0.15146	-1.0363
0.78515	-0.94596
0.0054179	1.4439
0.8249	1.2135
1.4574	1.4872
0.23141	2.1951
1.1837	0.80558
-0.58991	0.33119
-0.05467	-1.0892
-0.40694	-1.3901
-0.17956	-0.68959
-0.27943	-0.047027
-0.3203	-0.46333
-1.6862	0.53986
-0.85768	1.0503
-0.49443	-0.69702
-0.92238	0.51388
0.32248	-1.2862
-0.59076	0.10244
-0.14405	-0.3607
0.21809	-1.7316
-0.12155	1.2707
1.4969	-0.87637
0.85043	1.0733
0.26583	3.2907
-0.21555	1.6319
-0.41299	-0.84593
-1.4615	0.91885
-0.85517	-0.50738
-0.40993	-0.18357
-0.62968	-0.51791
-0.27531	-0.58297
-1.7395	-0.87622
-0.26575	-1.5102
-0.93468	-1.294
-0.64642	-1.2793
-0.38537	0.76023
-1.4228	0.67718
-0.87732	-0.32116
0.49736	-0.63646
0.30629	1.3083
0.95672	0.036954
1.6728	-0.6374
1.1393	-0.1291
0.68641	-0.56994
-0.74055	-1.5116
0.7565	-1.4326
-0.87816	-0.83319
-0.36985	-0.42581
-0.76362	-1.4892
-1.437	-0.17176
-0.98134	-0.40392
-1.1276	-0.19097
-0.35815	-0.97896
-0.22176	0.16141
-0.49402	-1.5878
-1.0698	0.59671
0.4509	-0.47154
0.20723	-0.68745
-0.57028	0.87201
1.2202	-0.92862
1.6425	0.51283
0.91236	-1.3624
-0.69184	0.5329
-0.11242	-0.85702
-0.37283	-0.080754
-0.74607	-1.2706
-2.1749	1.1445
-0.90672	0.41899
-0.82685	-0.47115
-0.99181	-0.0051243
-0.63868	0.32776
-0.99742	0.32773
0.0242	-0.88622
0.17809	-0.57114
-0.16327	0.73235
-0.059281	-0.24736
0.51015	0.29401
1.5749	0.29232
2.2218	0.95691
1.7939	1.5961
-0.057399	2.0146
0.112	0.45706
0.7932	-1.7111
-0.53166	-0.79605
0.88464	0.44969
-0.094732	-0.82709
-0.79239	-0.091854
-0.0099735	-1.6035
-1.1299	-0.054078
-0.2639	-0.55243
0.48754	-0.27646
-0.51497	1.624
-0.016809	1.3218
0.92995	-0.77594
0.099135	0.36391
0.11349	2.5064
1.9484	-0.32598
1.9495	1.3583
1.6365	0.61173
1.7227	0.92483
0.53191	0.072798
-0.71178	0.95014
-0.17366	0.32367
0.31627	-1.4399
-0.93674	-0.16901
-0.53555	-0.24629
-1.2033	0.60488
-0.43151	-0.79994
-0.7924	-0.51668
-1.3955	0.14866
-0.85738	-1.1088
-1.2266	0.40467
-0.58406	1.9844
-0.052876	0.59904
0.41338	-1.2692
-0.235	1.3746
1.317	1.6594
0.60206	0.65433
0.78158	0.89828
0.44848	-0.60296
0.21005	2.0586
0.25767	-1.046
-1.0584	-0.51524
-0.26161	-0.4926
-0.39716	0.46556
-0.58981	0.84683
-0.32167	0.28231
-0.31495	-0.50669
-0.47154	0.25414
0.34912	-1.2
-0.3119	-0.16475
0.63859	-1.1162
1.3942	-0.20886
0.85605	0.20845
0.72594	0.063412
0.40553	1.3537
0.68844	0.16949
1.2867	-0.33885
-0.35547	0.069296
-0.87741	-1.5872
-0.80435	-0.024925
-0.17284	-0.98748
-1.1693	-0.063651
-0.26026	0.13164
-0.033691	-0.87747
-0.020825	0.034505
