-1.4341	-0.87826
-1.0773	-2.4468
1.463	-4.6133
0.24082	-5.4559
0.17013	-3.5713
-0.58616	1.6981
0.20113	3.876
-0.80049	4.0037
-0.61456	1.6793
-0.40065	-2.2816
-0.80267	-2.6352
-0.98798	-0.16673
0.66712	2.1569
-1.2015	2.9494
-0.078572	1.9563
-0.28112	-0.37278
1.6506	-1.8421
0.53509	-0.35421
1.5746	0.87771
1.5499	2.004
1.5457	1.5089
2.1618	0.49875
0.67574	-0.58622
0.28913	-0.57862
1.1221	0.1416
0.7557	0.7607
-1.1989	1.03
-0.10143	0.25968
0.64052	-1.5443
-0.42814	-1.3578
-0.037566	-0.72334
0.89337	0.59095
-1.1222	1.1623
-1.203	0.27589
-0.31447	-0.25042
0.15352	-0.95688
1.101	-0.6008
0.9236	-0.010073
1.2768	1.0004
1.5574	0.068422
1.4922	0.14233
1.7156	-0.86468
0.16787	-0.8306
-0.56815	-0.24439
0.34536	0.52522
-1.5873	0.059489
-0.17805	-0.46532
-0.50923	-0.3632
0.41985	-0.78287
0.27984	-0.030264
1.0759	-0.042373
0.06305	0.35131
0.30935	0.20091
-0.16675	-0.44739
1.6463	-0.84561
0.11303	-0.17325
1.0179	0.68288
1.7233	0.71861
0.52631	0.15722
1.573	-0.4524
-0.49067	-0.20161
-0.078593	0.33239
-0.96698	0.41847
-0.48663	0.25592
0.28231	-0.57433
0.29589	-0.51976
-1.2336	-0.61546
-0.68302	-0.47686
-0.81671	-0.085066
-0.85125	-0.22456
-0.72045	0.18631
-0.95353	0.36216
-0.35849	0.016364
-0.025969	0.45573
-0.070126	-0.084401
1.0048	0.45937
1.0012	0.33859
1.2678	-0.84514
0.64596	-0.27054
-0.53996	-0.51175
-0.73945	-0.39433
-0.72674	0.12911
-0.59737	-0.12235
-0.29279	-0.36951
0.087055	-0.50434
-2.1147	-0.48586
-0.75368	-0.018834
-1.2193	0.31869
-1.0802	0.5398
-0.52375	-0.13445
-1.5482	-0.4582
-1.1768	-0.22513
0.48126	0.26481
1.0235	-0.38021
0.9984	0.2168
0.9113	0.50483
0.85764	0.82556
0.66669	0.82231
-1.6363	0.63613
0.05046	0.27099
-1.972	0.49606
-0.77297	0.43225
-1.2313	-0.082195
-1.4108	-0.67746
-0.78927	-0.16582
-1.1288	0.0076684
-0.89715	0.091011
-0.69253	0.19163
-0.47626	-0.28069
-0.70924	-0.38962
0.55779	-0.1954
0.37543	0.27815
-0.49335	0.71994
1.0345	0.39588
1.4655	0.62421
0.11819	1.0666
-1.2123	0.27985
-0.47209	-0.27534
-0.66293	-0.15455
-1.6562	0.22235
-2.6593	-0.057401
-1.0804	-0.42871
-1.2879	-0.27764
-1.3957	0.28601
-0.77403	-0.22922
-1.4799	0.17296
-0.57963	0.25346
-0.11165	0.5338
-0.041203	0.0021066
0.39041	-0.025503
-0.10849	0.76476
1.1683	1.3678
1.5995	1.6573
1.4626	0.93096
-0.49872	0.84703
0.56784	-0.45734
0.97083	-0.27722
-1.2514	0.54549
0.18173	0.61101
-1.2956	0.80393
-1.3595	0.50886
0.043458	-0.041898
-2.0316	0.26206
-1.1852	0.35392
-0.14303	1.013
-1.0079	0.38806
-0.38708	0.29054
0.70074	0.69167
-0.3171	0.41055
-0.036081	0.81393
1.8849	0.94462
1.8784	1.2805
1.6863	1.2509
1.8131	0.81153
0.30185	0.15946
0.16347	-0.15362
0.17338	-0.53191
0.014605	0.41068
-1.1152	0.24236
-0.86491	0.64081
-1.0508	-0.35981
-0.095563	-0.83472
-0.34321	-0.22972
-1.6447	-0.48807
-0.7184	-0.24498
-0.665	-0.78919
0.34526	-0.71023
0.054626	-0.19758
0.48175	0.52394
-0.54965	-0.1067
1.8359	-0.45839
0.93277	-0.049772
0.77492	-0.39896
1.1082	0.016107
0.49541	-0.48636
0.27213	-0.10666
-0.98022	-0.023504
-0.36445	-0.42303
0.73717	-0.6301
0.59051	-0.91875
0.48001	-0.82699
-0.17017	-0.67776
-0.55569	-0.18902
0.45833	-0.27858
-0.42882	-0.31824
1.2057	-0.70116
1.6171	-0.22378
1.9072	-0.4328
1.1843	0.22205
0.86273	-0.16462
1.1056	-0.0094184
1.9189	-0.81092
0.19956	-0.39489
-0.69767	-0.024142
-0.36481	-0.49231
0.24459	-0.34116
-0.37093	-0.64007
0.58494	-0.92787
-0.19076	-0.64718
0.44262	-0.82961
-1.6276	-1.1063
-1.0801	-2.1874
1.6139	-4.5584
0.80825	-5.3662
-0.07522	-3.6066
-0.7471	1.7055
0.48385	4.0956
-0.62739	3.8986
-0.98099	2.2633
-0.87044	-2.3045
-0.73062	-2.4407
-0.88852	-0.28372
0.65956	2.4252
-0.76501	2.7583
-0.45644	1.971
0.065008	-0.31836
1.7907	-2.1967
0.65552	-0.60523
1.5619	0.97359
1.7653	2.0098
1.8265	1.7536
2.2081	0.50367
0.30725	-0.91497
0.07274	-0.74674
1.1961	0.023809
1.2651	0.90607
-1.6429	1.0066
-0.040435	0.10383
0.56041	-1.164
0.015137	-1.0301
0.38983	-0.60777
1.032	0.28344
-1.2146	1.1698
-0.97843	0.027156
-0.33256	-0.14251
0.020584	-0.9713
1.1481	-0.74801
0.83358	0.11498
1.389	0.78922
1.6414	0.35563
1.734	0.13032
2.2799	-0.89061
-0.030846	-1.2914
-0.29564	-0.0056312
0.29318	-0.012595
-1.5394	0.21579
-0.079859	-0.55214
-0.27737	-0.37382
0.67716	-0.85045
0.33359	0.11601
0.89915	0.017169
0.27002	0.50902
0.50171	0.32591
-0.16761	-0.026486
1.7685	-1.0558
0.59208	-0.067154
1.1341	0.22146
1.8226	0.50285
0.39494	0.25495
1.5958	-0.55436
-0.41574	-0.18857
-0.12247	0.14606
-1.0331	0.24632
-0.63652	0.25369
0.16975	-0.42411
-0.0020787	-0.5336
-1.4745	-0.65757
-0.49627	-0.65818
-0.82342	0.11873
-1.0755	0.22465
-0.46996	0.75374
-0.88162	0.36349
-0.52629	0.34216
0.29453	0.076141
-0.19867	0.29774
1.3648	0.35419
0.54963	0.51379
1.2248	-0.58455
0.96556	-0.49129
-0.78751	-0.28611
-0.85089	-0.57961
-0.93968	0.1255
-0.67046	-0.48928
-0.23782	-0.044603
0.065452	-0.47744
-2.1292	-0.014303
-0.58033	0.11844
-1.7152	0.85163
-1.2632	0.45684
-0.74261	-0.026926
-1.189	-0.3059
-0.82531	-0.44079
0.36492	0.15782
0.90277	-0.52772
1.2296	0.47568
0.89651	0.83387
0.51933	0.65153
0.50407	0.28164
-1.987	0.9118
0.55416	0.21306
-1.6049	0.96589
-0.97379	0.39425
-1.4098	0.16292
-1.261	-0.40205
-0.9827	-0.083229
-1.1494	-0.15705
-0.55782	0.3442
-0.70102	0.21179
-0.30606	-0.0052409
-0.72314	-0.58167
0.74148	-0.18806
0.13724	0.19202
-0.78501	0.54266
1.615	0.52733
1.4298	0.25832
0.0060444	1.1879
-0.78935	0.17041
-0.68965	-0.28387
-0.8974	-0.34225
-1.7827	0.023733
-2.7632	-0.23289
-0.97042	-0.19619
-1.4967	-0.46734
-1.2463	0.11632
-0.66263	-0.033488
-1.7214	0.011516
-0.29408	0.12455
-0.0041909	0.33857
-0.021751	0.18169
0.26613	-0.060032
-0.149	0.66127
0.90277	1.1273
1.4472	1.5318
1.4694	1.083
-0.22141	0.51963
0.37703	-0.35718
0.65232	-0.079233
-1.4662	0.76962
0.21363	0.62929
-1.1351	1.0903
-1.3658	0.44871
0.062805	-0.17818
-1.8683	-0.018028
-1.3863	0.81113
-0.28547	0.65586
-1.173	0.45319
-0.40653	0.53457
0.49085	0.39681
-0.29445	0.37256
-0.23102	0.71182
1.7337	0.87351
1.6751	1.0212
1.4242	1.5983
1.828	0.97093
0.61496	0.30425
0.045884	-0.15245
0.21652	-0.46927
0.071146	0.65993
-0.94486	0.17627
-1.0115	0.035267
-1.0159	-0.19246
0.17533	-0.55802
-0.29579	-0.63266
-2.0334	-0.85873
-0.61386	-0.47348
-0.60236	-0.55448
0.033295	-0.64327
0.18368	-0.55899
0.48725	0.25013
-0.3248	0.33666
1.9688	-0.39237
1.081	0.24434
0.81194	-0.1515
0.92929	-0.064697
0.65225	-0.48084
0.31829	0.12941
-1.0401	-0.38457
0.1675	-0.26844
0.71867	-0.78472
0.39809	-0.81399
0.29882	-0.45648
-0.13479	-0.096982
-0.64869	-0.17847
0.32851	-0.24136
-0.28521	-0.6505
1.6366	-0.71899
1.4276	-0.26729
1.8826	-0.41884
1.2974	0.060414
1.4352	0.033623
1.5034	-0.14143
1.9159	-0.38401
0.070747	-0.29116
-0.79911	-0.0092267
-0.87765	-0.73692
-0.1155	-0.87746
-0.63237	-0.68323
0.27328	-1.2706
0.0048989	-0.31567
0.74131	-0.79773
-1.7752	-0.89994
-1.4905	-2.3503
1.1038	-4.6935
0.58189	-5.5238
0.2927	-3.5791
-0.6611	1.9889
0.19564	4.0077
-1.1913	3.5822
-1.4427	1.5229
-0.65958	-1.9916
-0.99481	-2.5825
-0.55068	-0.31843
0.47231	2.2852
-1.0707	2.8679
-0.45225	1.9372
0.10916	-0.29103
1.5836	-1.7043
0.40133	-0.025218
1.9339	0.74248
1.9741	2.1763
1.9088	1.8662
1.8862	0.48291
0.77363	-0.74899
-0.16915	-0.81152
0.86047	0.17696
1.2224	0.73483
-1.2779	1.2393
-0.054815	0.017648
0.86593	-1.5816
-0.26157	-1.3308
0.36139	-1.0709
0.98966	0.69149
-0.89939	1.2353
-1.2622	0.17289
-0.28505	0.049012
0.10685	-1.0097
1.0789	-1.0847
0.8027	0.28904
1.6087	1.0232
1.8482	0.23828
1.731	0.018357
1.702	-1.1615
-0.28509	-0.75029
-0.43569	-0.028328
0.1242	0.3762
-1.3558	0.51638
-0.095644	-0.29351
-0.41901	-0.10937
0.76471	-0.81733
0.25035	-0.48373
0.7449	-0.033271
0.57136	0.61726
0.50236	0.16462
-0.5395	0.20272
1.8395	-0.67538
0.24302	-0.21647
0.96175	0.54767
1.6793	0.59601
0.40005	0.15931
1.5149	-0.33329
-0.434	-0.29306
0.087877	0.0663
-0.93201	0.29338
-0.4437	-0.03711
-0.068376	-0.10398
0.22877	-0.59449
-1.2543	-0.62502
-0.7304	-0.47594
-0.83888	0.018079
-0.68748	-0.072523
-0.7995	0.41877
-1.1541	0.26883
-0.58308	0.33445
0.34057	0.13534
-0.21644	0.43809
1.1962	0.56008
0.90751	0.33862
1.1331	-0.49301
0.71331	-0.51681
-0.57618	-0.24179
-1.0501	-0.24863
-0.60271	-0.028239
-0.63297	-0.19731
-0.56267	-0.28577
0.26981	-0.62767
-2.4599	0.054473
-0.40209	0.11431
-1.5476	0.14454
-1.4013	0.47993
-0.59958	0.002863
-1.0996	-0.17856
-0.89658	-0.45247
0.47434	0.19408
0.8282	0.017094
1.1018	0.41134
1.1762	0.53353
0.94927	0.15872
0.43202	0.84665
-1.5601	0.70418
0.06398	0.070538
-1.7856	0.58603
-1.0915	0.095016
-0.94054	-0.11713
-1.3669	-0.99275
-1.0076	-0.36456
-1.218	0.083674
-0.99785	0.1629
-0.6222	-0.024233
-0.0032196	-0.062656
-0.81963	-0.60595
1.1774	-0.31986
-0.25264	0.027142
-0.59361	0.61217
1.3557	0.78618
1.4738	0.82026
0.040028	0.91082
-0.88277	0.41789
-0.4957	-0.15897
-0.8698	-0.031605
-1.8004	0.23357
-2.276	-0.020093
-1.053	-0.35313
-1.0173	-0.56289
-1.5673	0.36037
-0.45991	-0.18695
-1.4817	0.22748
-0.43369	0.013921
0.17456	0.19971
-0.33624	0.11121
0.36413	0.061234
0.11177	0.76585
1.125	0.7634
1.4232	1.1679
1.59	0.99023
-0.067104	0.38251
0.22727	-0.48312
0.66323	-0.16707
-1.3188	0.49435
0.11186	0.76836
-1.0723	0.98243
-1.271	0.29121
0.24725	-0.16672
-1.5936	-0.16953
-1.3359	0.54886
0.055724	0.52665
-0.73217	0.26532
-0.27653	0.49779
0.63459	0.52353
-0.3356	0.66526
-0.12271	0.66553
2.0789	1.2778
1.5425	1.2188
1.0829	1.588
1.6309	0.6291
0.2004	0.57022
-0.12889	-0.3672
0.68739	-0.49221
0.024404	0.17879
-0.87664	0.12663
-0.78599	0.45044
-1.1031	-0.29503
-0.13917	-0.3456
-0.491	-0.62494
-1.7641	-0.79089
-0.81616	-0.28646
-0.71368	-0.44677
0.044028	-0.67682
0.39946	-0.62741
0.29376	0.32202
-0.49689	-0.086849
2.0405	-0.65017
1.0341	0.30067
0.87371	0.03674
1.0907	-0.30331
0.57846	-0.54246
0.0038971	-0.46229
-1.4992	-0.29969
-0.18901	-0.47942
0.598	-1.0569
0.54563	-1.044
0.13423	-0.71636
-0.33176	-0.60639
-0.5306	-0.21362
0.076832	-0.071452
-0.66576	-0.86832
0.98348	-0.48384
1.7816	-0.030935
1.7152	-0.049104
1.1123	-0.097391
1.472	0.13206
1.1435	-0.0055854
1.4758	-0.47638
-0.26873	-0.53492
-0.93519	0.046777
-0.75508	-0.5513
0.1734	-0.41397
-0.45414	-0.70938
0.63231	-1.1163
-0.0069313	-0.90788
1.1609	-0.58771
-1.2684	-0.98426
-1.1779	-2.464
1.5755	-4.4786
0.40492	-5.6444
-0.29365	-3.5785
-0.82392	1.823
0.51972	3.8693
-0.84791	3.7032
-1.0942	1.8039
-0.77381	-1.9557
-0.85725	-2.5959
-0.51035	-0.5918
0.51715	2.2588
-0.71888	2.8926
-0.15453	1.8744
0.12654	-0.42165
1.4478	-2.0487
0.65468	-0.55109
2.0295	0.79502
1.8646	2.1982
1.9814	1.5459
1.9772	0.53962
0.42316	-0.82035
0.23076	-0.63512
0.99512	0.28245
0.96047	0.95615
-1.5772	1.2623
-0.1678	0.079174
0.74299	-1.1505
-0.18693	-1.0381
0.28522	-0.67266
0.82205	0.62725
-1.0279	1.1259
-1.2833	0.26459
-0.35255	0.0013211
-0.028537	-0.93059
1.334	-0.607
1.0054	-0.22636
1.3764	0.73373
2.0454	0.29089
1.7044	-0.18189
1.924	-0.86814
0.19253	-0.66475
-0.029724	0.034711
-0.013238	0.41026
-1.5322	0.28249
-0.23345	-0.4109
-0.49949	-0.62978
0.5411	-0.74439
0.15434	-0.014887
0.99929	-0.26289
0.08777	0.551
0.54573	0.1572
-0.35772	-0.13885
2.0087	-1.1827
0.39764	-0.32448
1.2994	0.38249
1.2524	0.72565
0.48844	0.48588
1.4235	-0.45996
-0.42906	-0.25449
-0.1907	0.18686
-1.1046	0.21219
-0.82682	0.23683
-0.10134	-0.74757
0.1821	-0.37592
-1.0975	-0.35308
-0.15047	-0.50272
-0.6287	0.32461
-0.61407	-0.33805
-0.56764	0.50216
-1.0213	-0.025864
-0.54184	0.38957
0.39031	0.23893
-0.17709	0.077236
0.96825	0.4459
1.1292	0.531
1.3504	-0.36029
1.1449	-0.40591
-0.65428	0.26026
-1.1294	-0.1174
-1.1831	-0.08566
-0.66215	-0.17182
-0.61796	-0.28852
0.059434	-0.38452
-2.0033	-0.23247
-0.64288	-0.10232
-1.5461	0.48635
-0.95238	0.40603
-0.95119	0.01209
-1.3958	-0.33464
-0.85836	-0.065261
0.39114	0.020938
0.93956	0.095826
0.96237	0.62906
0.85175	0.44528
0.64967	0.59719
0.34515	0.42754
-2.0186	0.74728
-0.18076	0.090977
-1.8911	0.61963
-0.90655	0.22287
-1.1152	-0.050162
-1.3067	-0.4709
-0.80175	-0.061806
-1.3423	0.14266
-0.8149	0.15055
-0.52571	0.0045543
0.0053842	0.11658
-0.56379	-0.70912
0.62305	-0.56639
-0.053462	0.37618
-0.41576	0.26744
1.1069	0.81538
1.5653	0.30789
-0.23007	0.73169
-1.2112	0.35113
-0.50649	-0.042011
-0.6495	0.078611
-1.666	0.21705
-2.4514	0.30029
-1.205	-0.27243
-1.5086	-0.39367
-1.4899	0.69579
-0.54534	-0.37296
-1.3146	0.081927
-0.55238	0.21733
0.033294	0.3654
-0.093996	0.39378
0.37993	-0.16483
-0.22615	0.40106
0.74956	0.96407
1.3619	1.3725
1.4799	0.90726
-0.096286	0.51216
0.35235	-0.48663
0.65305	-0.2083
-1.536	0.67112
0.24375	0.78573
-1.1716	1.1119
-1.5145	0.26272
0.058543	-0.34963
-1.3592	0.29679
-1.6331	0.42683
0.023132	0.67482
-1.039	0.4397
-0.53577	0.2916
0.98049	0.48265
-0.14557	0.54044
0.028087	0.35567
1.7871	1.085
2.0052	1.1215
1.3047	1.4152
1.7109	0.86804
0.38977	0.39154
0.069492	-0.52016
0.18275	-0.64769
0.29669	0.056252
-0.97731	0.069687
-1.0091	0.24613
-0.77754	-0.038194
-0.33963	-0.55371
-0.090909	-0.388
-1.6941	-0.75311
-0.56469	-0.21604
-0.62452	-0.49329
0.049984	-0.42285
0.36448	-0.39283
0.17741	0.22756
-0.23727	0.28329
1.957	-0.23073
1.0171	0.18228
1.064	-0.37187
0.94991	-0.22449
0.53746	-0.46052
0.46917	-0.070119
-1.0276	-0.009422
-0.03858	-0.25866
0.77227	-0.85857
0.11517	-1.0486
0.26939	-0.41004
-0.4118	-0.28545
-0.50493	-0.092286
0.30314	0.13597
-0.39966	-0.61132
1.6149	-0.63918
1.7235	-0.041048
1.6774	-0.32854
1.106	0.16594
1.1047	-0.24225
1.0186	0.025857
1.6098	-0.34809
0.17775	-0.7256
-0.816	0.23992
-0.74734	-0.40804
0.091585	-0.6151
-0.59877	-0.61165
0.39088	-0.97707
0.084951	-0.41125
0.7543	-0.8828
-1.7916	-1.3304
-1.295	-2.5615
1.2177	-4.6269
0.30649	-5.5659
-0.18401	-3.6228
-0.82125	1.9401
0.62571	3.5975
-0.79938	3.932
-1.2546	1.566
-0.31022	-1.8694
-0.99135	-2.441
-0.5372	-0.2779
0.93985	2.007
-1.3511	2.7077
-0.06704	1.7528
-0.039722	-0.29905
1.427	-1.9688
0.47682	-0.58205
2.3125	0.8199
1.5342	1.8806
1.8223	1.9303
1.9198	0.69152
0.48987	-0.8994
0.10867	-0.45285
1.4864	0.010151
1.0757	0.77369
-1.647	1.2232
-0.24582	0.076193
0.67275	-1.2988
-0.45143	-1.5569
0.47805	-0.67836
0.92566	0.24416
-1.0835	1.1701
-1.2109	0.042045
-0.35617	-0.46224
0.047267	-0.55414
1.1053	-0.6927
1.0276	-0.034975
1.4439	1.1909
1.8217	0.53722
1.5583	-0.011681
1.9486	-0.98842
-0.12288	-0.70217
-0.16073	-0.25802
0.35617	0.37086
-1.5505	0.2246
-0.33682	-0.52698
-0.44539	-0.62665
0.13279	-0.82153
0.23989	-0.17822
0.7965	0.073283
0.37585	0.46319
0.54084	0.22023
-0.51945	-0.061514
1.7755	-1.109
0.28128	0.020901
1.1151	0.33117
1.7613	0.29422
0.23307	0.3183
1.3279	-0.19038
-0.11948	-0.10731
-0.16319	-0.2162
-1.324	0.47991
-0.87186	0.53228
-0.0099596	-0.49789
0.19421	-0.84164
-1.0299	-0.78566
-0.52889	-0.24419
-0.51917	0.14409
-0.81139	-0.17644
-0.62915	0.72686
-1.1764	0.0295
-0.37798	-0.037746
0.29537	0.49022
-0.1836	0.4346
1.1072	0.75887
0.956	0.67109
0.90934	-0.45061
0.96539	-0.74815
-0.55413	-0.23615
-1.0469	-0.37049
-0.88796	-0.43859
-0.32787	-0.53911
-0.089603	-0.17996
-0.12689	-0.81479
-2.2553	0.041682
-0.40995	-0.027659
-1.7339	0.50212
-1.073	0.46128
-0.77068	-0.0094012
-1.6196	-0.28671
-1.351	-0.41921
0.35465	0.10842
1.0521	-0.28202
0.90345	0.37649
1.3009	0.55319
0.88295	0.32299
0.63957	0.43211
-1.6741	0.65535
-0.020942	0.61014
-1.6586	0.5114
-0.92835	0.42598
-1.1492	0.19452
-1.4521	-0.42983
-0.99163	-0.072693
-1.121	0.060812
-0.39838	0.1103
-0.78664	0.39098
-0.42297	-0.06355
-0.69492	-0.15808
0.83359	-0.3848
-0.30773	0.19841
-0.60017	0.25342
1.229	0.84518
1.5404	0.90716
-0.24308	0.86694
-0.74617	0.16349
-0.48354	0.068531
-0.86828	0.09134
-1.8546	0.23805
-2.6493	0.069667
-1.1895	-0.50444
-1.4342	-0.33611
-1.5432	0.49731
-0.95937	-0.31693
-1.8116	0.3772
-0.63873	0.32374
-0.14086	0.61171
-0.24813	0.22031
0.27592	0.38396
0.29636	0.37988
0.72888	0.94752
1.345	1.3764
1.3987	1.1922
-0.065991	0.59906
0.27644	-0.74236
0.80604	-0.093231
-1.5435	0.90933
0.17155	0.97007
-0.97979	0.90581
-1.3181	-0.13286
0.087934	-0.18514
-1.4929	0.033283
-1.1457	0.5554
-0.32298	0.77595
-0.98269	0.66339
-0.45017	0.57142
0.62493	0.49269
-0.13806	0.64454
-0.047825	0.38196
1.867	0.67627
1.5631	0.98818
1.4409	1.0091
2.0826	0.65395
0.47253	0.25657
-0.11445	-0.44967
0.70141	-0.55591
0.4274	0.58317
-1.04	0.27468
-1.2168	0.18427
-1.2446	-0.39578
-0.10298	-0.43529
-0.44566	-0.7184
-1.7513	-0.69035
-0.67999	-0.53944
-0.61714	-0.85744
-0.18914	-0.9316
0.29915	-0.1545
0.41925	0.22855
-0.30005	0.0039219
2.1003	-0.2111
0.91877	0.19573
0.7368	-0.53212
1.2891	0.15849
0.74536	-0.40714
-0.033624	-0.20947
-1.424	-0.12197
-0.0065893	-0.3331
0.55058	-0.91168
0.19313	-0.89475
0.58791	-0.33599
-0.26523	-0.33003
-0.56997	-0.13184
0.75917	-0.18162
-0.15383	-0.29666
1.875	-0.55687
1.8592	0.14735
1.9439	-0.41104
1.1239	-0.03346
1.1069	-0.23402
1.1481	-0.23353
1.9046	-0.80369
0.041144	-0.26287
-0.80764	-0.18598
-0.51297	-0.42001
0.18171	-0.64711
-0.79882	-0.8937
0.15547	-0.94639
0.033555	-0.36816
0.576	-0.69277
-1.4777	-1.0294
-1.3267	-2.1325
1.2951	-4.5851
0.82485	-5.6506
-0.063407	-3.7122
-0.83902	1.5905
0.41623	3.8914
-0.86879	4.0415
-0.87905	1.8481
-0.61783	-1.8799
-0.53407	-2.8019
-0.92046	-0.35407
0.56558	1.9842
-0.82477	2.9109
-0.081681	1.7069
0.048361	-0.073279
1.5265	-1.8259
0.52465	-0.52044
1.9887	0.97748
2.015	1.9504
1.842	1.6022
1.8899	0.88363
0.42081	-1.0064
0.35738	-0.63115
0.97342	0.15301
1.1438	0.63044
-1.3189	1.25
-0.081517	0.031191
0.70804	-1.3957
-0.51352	-1.0938
0.33593	-0.56888
1.0237	0.46019
-1.4839	1.0078
-1.1781	0.060406
-0.71588	-0.35486
0.27369	-0.7374
1.3107	-0.62715
0.84493	0.14432
1.6363	1.0667
1.8731	0.090453
1.5151	0.017194
1.8594	-1.3849
-0.037745	-0.5986
-0.29045	-0.12276
0.36979	0.30872
-1.4228	0.12472
-0.15676	-0.59405
-0.17856	-0.55341
0.55278	-0.81042
0.5847	-0.28277
0.91099	0.13479
0.55901	0.39405
0.54263	0.28385
-0.39467	0.21727
1.7205	-0.89131
0.0032725	-0.28166
1.0873	0.45248
1.7147	0.72594
0.64919	0.28557
1.9974	-0.10841
-0.27611	-0.0085051
0.15053	0.080641
-1.0625	0.20103
-0.31515	0.2781
0.052767	-0.42348
0.55086	-0.61603
-1.3501	-0.43162
-0.49569	-0.76722
-1.1299	0.17231
-0.76943	-0.59098
-0.61948	0.32193
-0.8558	0.14695
-0.4287	0.1867
0.37907	0.24713
-0.25074	-0.1137
1.021	0.37577
1.1292	0.5835
1.4975	-0.45675
0.69289	-0.42999
-0.66889	-0.24684
-1.4379	-0.18824
-0.84718	-0.20432
-0.54074	-0.28096
-0.43077	-0.35892
-0.066441	-0.66204
-2.3086	-0.22728
-0.46281	-0.034498
-1.7099	0.62923
-1.1581	0.53745
-0.84669	-0.21567
-1.7661	-0.46903
-1.1344	-0.26065
0.43788	0.030563
0.6712	-0.088052
0.77077	0.5859
1.0426	0.95984
0.45248	0.19511
0.68904	0.54276
-1.4107	0.91837
0.28556	0.12912
-1.7604	0.53353
-0.61465	0.012071
-1.2066	-0.13061
-1.2372	-0.82522
-0.91606	0.00021902
-1.3589	0.025583
-0.73606	0.2801
-0.78355	0.14101
0.1076	0.21063
-0.60942	-0.56756
0.84315	-0.27564
0.20994	0.057538
-0.68159	0.51016
1.0772	0.71207
1.4042	0.52922
-0.38984	1.2716
-1.1804	0.63409
-0.21522	-0.18736
-0.75153	-0.18459
-1.7145	0.58611
-2.2974	-0.01928
-1.1433	-0.60948
-1.5572	-0.50568
-1.5423	0.31541
-0.42967	-0.30073
-1.6618	0.27424
-0.30219	0.096219
-0.036935	0.6032
-0.10339	0.16764
0.27611	-0.0071067
0.016972	0.66285
0.93876	1.133
1.6109	1.2693
1.1703	0.98346
-0.014547	0.36274
0.29892	-0.63695
1.1428	-0.24996
-1.3028	0.6393
0.087198	0.78375
-1.3907	1.0599
-1.1966	0.2625
0.32647	-0.21705
-1.6681	-0.0066354
-0.98497	0.60153
-0.31945	0.88294
-0.83641	0.55911
-0.44689	0.7352
0.98844	0.3052
-0.38825	0.41511
-0.37018	0.76851
2.0202	0.64989
1.5599	1.3892
1.3305	1.2807
1.715	0.74256
0.224	-0.052517
-0.37284	-0.15051
0.53127	-0.32685
-0.11395	0.44346
-1.2476	0.30551
-0.87811	0.036645
-1.0013	-0.39488
0.0056028	-0.59181
0.017987	-0.42067
-1.8908	-0.44504
-0.58701	-0.56555
-0.85455	-0.76965
0.46078	-0.45907
-0.054181	0.0055948
0.44445	0.37111
-0.53363	-0.068759
1.7249	-0.44494
0.94778	0.21465
0.92862	-0.2465
0.76615	-0.4314
0.75163	-0.57826
0.2085	0.098711
-1.2228	-0.086356
-0.35414	-0.096033
0.65992	-0.82341
0.52872	-1.1527
0.43063	-0.45729
-0.50502	-0.13099
-0.34323	-0.18107
0.53392	-0.14999
-0.37728	-0.063021
1.6733	-0.74706
1.4491	-0.1626
1.4305	-0.2361
1.1969	-0.080863
1.2303	-0.35975
1.2279	-0.092892
1.7292	-0.2412
-0.14156	-0.52467
-0.64797	-0.050329
-0.99748	-0.49688
-0.17332	-0.33783
-0.62024	-0.78423
0.5081	-1.2051
0.091951	-0.44763
0.91605	-0.93717
-1.5922	-0.82933
-1.5718	-2.4717
1.1997	-4.3099
0.59303	-5.2926
0.2426	-3.7357
-0.64691	1.8517
0.30579	4.0862
-0.87494	4.0087
-1.3133	1.732
-0.77395	-1.9784
-0.62908	-2.5597
-0.71468	-0.33851
0.46434	1.8289
-1.0664	3.2704
-0.087272	2.1818
0.074373	-0.21858
1.5679	-2.0301
0.84017	-0.45306
2.0508	0.92998
1.8521	1.8405
1.9924	1.5618
1.9365	0.68681
0.582	-0.85761
0.13453	-0.70856
0.9978	0.089244
1.11	0.82288
-1.3851	0.67722
0.25779	0.27659
0.27604	-1.2896
-0.50962	-1.2026
0.26088	-0.54656
0.96518	0.5088
-1.0558	0.6837
-1.4962	0.35135
-0.40674	-0.51074
0.36016	-0.61084
1.471	-0.30915
0.76372	0.18818
1.1745	1.0788
1.6136	0.35001
1.5296	0.078846
1.9027	-1.2671
0.42228	-0.64548
0.11506	-0.37411
0.082059	0.12109
-1.416	0.58684
-0.33643	-0.3954
-0.24212	-0.23984
0.29497	-0.86436
0.23467	-0.31175
0.59762	-0.18127
0.22145	0.57844
0.54701	0.35262
0.042362	-0.011135
1.8685	-0.73567
0.12482	-0.14234
0.80709	0.64931
1.8313	0.45586
0.53506	0.56106
1.4626	-0.19177
-0.34261	0.11725
-0.024806	-0.06754
-1.0533	0.10981
-0.86997	0.3457
-0.11625	-0.64226
0.17101	-0.85951
-1.4852	-0.34849
-0.93756	-0.55764
-1.0232	0.3395
-1.0647	-0.26244
-0.87363	0.48818
-1.1634	-0.020653
-0.51814	0.1982
0.0099693	-0.068995
-0.18377	0.089893
0.90179	0.39543
0.65586	0.54322
1.4868	-0.48705
0.34279	-0.61079
-0.57383	-0.14615
-1.0176	-0.68692
-0.59454	0.16542
-0.95064	-0.37751
-0.5982	-0.30203
-0.087654	-0.27501
-2.2563	-0.288
-0.60581	-0.23069
-1.3569	0.5512
-1.4686	0.35673
-0.69443	-0.21565
-1.24	-0.32141
-0.72187	-0.34815
0.36344	0.066111
0.70429	-0.15608
0.9671	0.37435
1.0665	0.6105
0.74627	0.695
0.20314	0.38704
-1.4844	0.52746
0.20772	0.1028
-1.7855	0.45831
-1.2854	0.30177
-1.6231	-0.17687
-1.5191	-0.88912
-0.81235	-0.20099
-1.2213	0.03063
-0.61163	0.39348
-0.80631	0.027774
-0.38344	0.037736
-0.63234	-0.60338
0.78592	-0.30009
0.26147	0.35716
-0.77422	0.35671
1.6069	0.66161
1.7084	0.88409
0.09322	0.75352
-0.97267	0.16689
-0.87553	-0.03082
-0.89344	-0.085788
-1.6252	0.085547
-2.3917	0.15017
-1.1446	-0.2175
-1.0953	-0.4552
-1.5199	0.48392
-0.76993	-0.42255
-2.0474	0.44565
-0.35976	-0.13083
0.050767	0.62277
-0.041321	0.23484
0.50528	-0.085442
-0.29368	0.6757
0.96087	0.95156
1.4365	1.1952
1.1474	1.04
-0.23079	0.23584
0.40363	-0.37363
0.6859	0.075505
-1.3983	0.70035
0.29004	0.34537
-1.2326	1.0762
-1.0037	0.069979
0.16616	0.083251
-1.515	0.040308
-1.3628	0.46742
-0.20892	0.47886
-0.72577	0.72327
-0.24274	0.45975
0.41807	0.41556
-0.093559	0.4569
0.09439	0.36879
1.9912	0.91053
1.9063	1.2939
1.2745	1.3181
1.8808	1.0078
0.3933	0.53095
-0.071414	-0.13459
0.70435	-0.32155
0.53048	0.31508
-1.0653	0.29321
-0.94674	0.27716
-0.88296	-0.35719
0.17246	-0.23376
-0.52676	-0.54405
-1.7649	-0.6475
-1.0618	-0.53076
-0.69762	-0.68286
0.1334	-0.52488
0.19984	-0.13083
0.4842	0.22906
-0.075433	0.26428
2.3412	-0.78465
0.95814	0.27726
0.94944	-0.14873
0.936	0.11013
0.65857	-0.60897
0.010877	0.1969
-1.5104	0.04744
0.11028	-0.55541
0.46485	-0.97932
0.44449	-0.78187
0.31215	-0.30111
-0.30735	-0.20317
-0.36849	-0.18565
0.38817	0.22234
-0.45582	-0.36671
1.3857	-0.99398
1.4348	-0.16062
1.9889	-0.51773
1.3483	-0.021078
1.0553	-0.16605
0.90065	-0.22741
1.8849	-0.39529
-0.032089	-0.37342
-1.0191	-0.046427
-0.77238	-0.68053
0.21907	-0.22651
-0.63292	-0.80362
0.6067	-1.046
0.2991	-0.47824
0.64262	-0.78749
-1.6631	-1.1229
-1.2046	-2.6999
1.6043	-4.7153
0.5304	-5.4835
0.095678	-3.5523
-0.89081	1.7325
0.31323	3.944
-0.69603	3.9991
-0.88842	1.8873
-0.40977	-2.221
-0.80251	-2.6883
-0.77682	-0.56055
0.50481	2.3585
-1.12	2.9899
0.17138	1.9954
-0.14743	-0.22815
1.5638	-2.1156
0.57842	-0.47946
2.3472	0.92861
1.5088	2.0462
1.959	1.7434
2.2115	0.57114
0.99409	-0.83523
0.071622	-0.60396
1.4443	0.29853
1.0959	0.74951
-1.4884	1.1831
0.068609	-0.014783
0.54244	-1.57
-0.76087	-1.2003
0.25266	-0.94437
1.2255	0.64382
-1.0127	1.1712
-1.0431	0.29848
-0.2624	-0.28816
-0.055647	-0.85259
1.0717	-0.50616
0.80151	0.1736
1.3422	0.99261
1.6305	0.50535
1.5122	-0.11138
1.8494	-1.1895
-0.12806	-0.65827
-0.099999	0.17658
0.070172	0.3066
-1.4054	0.30279
-0.20803	-0.34994
-0.5092	-0.53811
0.65561	-0.62354
0.73752	-0.13829
0.73029	0.21226
0.13756	0.53003
0.25127	0.32866
0.10173	-0.020952
1.9658	-0.36744
0.37361	-0.2462
1.1153	0.3239
1.777	0.19002
0.34656	0.22175
1.698	-0.4674
-0.5179	-0.10294
-0.036334	0.13836
-1.1994	0.41107
-0.53942	0.089109
-0.14426	-0.62873
0.14989	-0.84193
-1.3102	-0.52965
-0.99133	-0.54686
-0.87103	0.42404
-0.98033	-0.26584
-1.0322	0.76429
-0.99568	-0.028353
-0.30388	-0.081321
0.11999	0.38373
-0.28611	0.25622
1.1247	0.39324
0.69162	0.448
1.2041	-0.4223
0.74894	-0.29336
-0.67084	-0.31396
-1.0511	-0.30692
-0.73901	-0.14011
-0.82887	-0.22395
-0.61948	-0.30588
0.1756	-0.14376
-2.3028	0.13109
-0.30876	0.065889
-1.7247	0.59276
-1.449	0.62413
-0.81557	0.16355
-1.3322	-0.49904
-1.258	-0.031774
0.15323	0.22802
0.77138	-0.099559
1.183	0.33744
0.88388	0.70362
0.4707	0.72148
0.60188	0.68261
-1.5172	1.0584
0.086612	0.2066
-1.7996	0.54325
-1.3361	0.31653
-1.2729	0.12937
-1.6894	-0.75311
-1.1853	-0.15585
-1.2046	-0.40436
-0.70318	0.76051
-0.73911	0.2993
-0.090714	-0.11259
-0.70252	-0.26072
0.7499	-0.35103
-0.22862	0.4929
-0.43609	0.49426
1.1821	0.8408
1.2063	0.5528
-0.32587	1.0451
-1.1427	0.44407
-0.38444	-0.29472
-0.6256	0.035824
-1.634	0.016409
-2.4298	0.049386
-1.0975	-0.26924
-0.88438	-0.35469
-1.4092	0.13244
-0.53848	-0.16954
-1.6913	0.041794
-0.28355	0.061712
-0.12689	0.3143
-0.083712	0.14438
0.5497	-0.13778
0.069793	1.0027
1.1252	0.86217
1.3694	1.4989
1.4449	0.93853
-0.1297	0.6355
-0.0043457	-0.52454
1.0151	-0.076483
-1.4296	1.0087
0.15333	0.87263
-1.1092	0.74937
-1.0828	0.40893
-0.14268	0.057543
-1.3042	-0.086983
-1.5424	0.76831
0.0047722	0.94389
-0.69948	0.16136
-0.39309	0.55084
0.52625	0.51931
-0.39375	0.56561
0.046748	0.68454
1.7044	1.0468
2.0153	1.1892
1.3621	1.2235
1.857	1.0559
0.72163	0.36252
-0.38522	-0.25432
0.3983	-0.59493
0.1485	0.44013
-1.2056	0.10146
-0.87337	0.29457
-0.91781	-0.23803
-0.06202	-0.54446
-0.29357	-0.51772
-1.5585	-0.50488
-0.89549	-0.14892
-0.76003	-1.0186
0.21166	-0.57785
0.63731	-0.045989
0.34932	0.19894
-0.36522	0.49845
2.0502	-0.36341
0.67924	0.022978
0.81143	0.051083
0.69202	-0.061113
0.66241	-0.55315
0.4042	0.0011217
-1.3918	-0.037933
0.036714	-0.53612
0.7283	-0.52175
-0.019876	-1.206
0.33655	-0.32359
-0.69786	-0.49994
-0.64513	-0.13092
0.44546	0.19451
-0.4907	-0.78082
1.4423	-0.80972
1.6755	-0.22933
1.9953	-0.59536
1.2539	0.20199
1.0792	0.044603
1.2105	-0.06072
1.8934	-0.2142
0.11363	-0.55596
-1.0506	-0.15331
-0.68399	-0.76507
-0.060623	-0.59369
-0.92727	-0.67675
0.88233	-1.0501
0.24197	-0.59294
0.91991	-0.81497
-1.8677	-0.84014
-1.0281	-2.8069
1.53	-4.4775
0.59528	-5.5527
-0.01998	-3.8603
-0.57036	1.5134
0.31394	3.9609
-0.97844	4.1087
-0.89629	1.8929
-0.69357	-2.0807
-1.1856	-2.4787
-0.5076	-0.64883
0.6171	1.9329
-1.1067	3.0147
-0.16134	2.1025
-0.1064	-0.31897
1.564	-1.8124
0.40268	-0.32388
2.2094	0.7783
1.6959	1.9633
1.8902	1.6368
1.6382	0.68497
0.66538	-0.96679
-0.16775	-0.65047
0.98322	0.091845
1.1734	0.58767
-1.5057	1.3761
-0.29601	0.1144
0.37323	-1.467
-0.26256	-1.2032
-0.077535	-0.81051
0.79131	0.40553
-1.0711	0.98772
-1.0486	0.21287
-0.62698	-0.35225
-0.042188	-0.77064
1.117	-0.46038
0.67981	0.26012
1.5699	0.83433
1.7529	0.27127
1.6168	-0.057392
1.9805	-0.95969
0.13637	-0.88129
-0.19793	-0.10317
0.26927	0.48794
-1.6568	0.8665
-0.2267	-0.80409
-0.3852	-0.46504
0.62417	-0.76978
0.63354	-0.26164
1.0271	0.032193
0.1525	0.32114
0.31558	0.31817
-0.15764	-0.20577
2.0511	-0.63313
0.3608	0.13126
0.91944	0.13846
1.7778	0.43733
0.36046	-0.0025652
1.9365	-0.14297
-0.42777	-0.23496
-0.42966	-0.24361
-1.1142	0.34103
-0.69431	0.29842
0.038126	-0.40628
0.10999	-0.80962
-1.3733	-0.76669
-0.73084	-0.24575
-0.69847	0.15651
-0.7405	0.11388
-0.73995	0.19176
-1.0042	0.17592
-0.57965	0.22179
0.13303	0.32577
-0.13925	0.34904
1.3485	0.37434
0.86846	0.047921
1.4394	-0.03191
0.63167	-0.52879
-0.51635	-0.42684
-0.92283	-0.20111
-0.78483	-0.22117
-0.76657	-0.13121
-0.48825	-0.46132
0.21555	-0.43276
-2.1523	-0.1904
-0.49891	0.11507
-1.786	0.54275
-1.2209	0.5997
-0.73935	0.12177
-1.1191	-0.27358
-0.61667	0.0037814
0.41705	0.48122
0.82377	-0.13185
0.9459	0.31925
1.1354	0.49727
0.71553	0.77613
0.55662	0.37934
-1.6317	0.65975
0.1113	0.50767
-1.3654	0.3744
-0.72792	0.00062969
-1.0631	-0.15274
-1.5032	-0.73527
-1.1024	0.0020271
-1.4319	-0.042178
-0.13848	0.25159
-1.0139	0.19275
-0.30387	0.39088
-0.66832	-0.47549
0.79538	-0.26531
0.0028214	0.57723
-0.76215	0.25362
1.4977	0.76186
1.4453	0.69265
0.25057	0.92167
-1.0526	0.21539
-0.48795	-0.39329
-0.58716	-0.24231
-1.7761	0.33432
-2.4496	-0.066599
-1.3684	-0.24342
-1.1764	-0.35022
-1.2666	0.29592
-0.50958	-0.38293
-1.8078	0.44272
-0.47938	0.34914
0.18073	0.153
0.040654	0.44449
0.39247	0.25763
-0.19868	0.57395
0.78457	1.2273
2.0334	1.5751
1.3784	0.96126
-0.094842	0.4256
-0.033097	-0.65011
0.93516	-0.11493
-1.5852	0.90154
0.29562	1.0049
-1.1239	1.0305
-1.0716	0.28886
-0.12343	-0.37666
-1.5966	0.27658
-1.3471	0.54158
-0.27213	0.89349
-1.1042	0.51942
-0.57595	0.58899
0.67936	0.52615
-0.30798	0.41516
-0.22257	0.60151
1.9812	1.1919
1.6827	1.1873
1.3773	1.0076
1.7657	0.736
0.419	0.55694
-0.057386	-0.53059
0.63274	-0.61766
0.17024	0.52593
-1.3655	-0.16345
-1.0722	0.093654
-0.73203	-0.3203
-0.25125	-0.47097
-0.55061	-0.50095
-1.6061	-0.57098
-0.85505	-0.39795
-0.6156	-0.72472
0.020139	-0.82956
0.18608	-0.13354
0.61576	0.43069
-0.12703	0.13255
1.8508	-0.60955
0.66537	0.091179
0.78826	-0.24193
0.99011	-0.24552
0.61267	-0.31514
0.15494	-0.23278
-1.0508	-0.087312
-0.18028	-0.35349
0.59647	-0.81428
0.2229	-0.91265
0.4879	-0.4834
-0.21535	-0.29471
-0.77049	-0.1262
0.11637	0.071676
-0.36816	-0.61249
1.8945	-0.7254
1.6914	-0.51595
1.8073	-0.59428
1.2494	-0.080074
1.5602	-0.1275
1.1328	-0.38756
1.6967	-0.94175
0.08926	-0.49592
-0.77989	-0.044202
-0.68529	-0.45127
0.22426	-0.76152
-0.52154	-0.9923
0.49767	-0.6568
0.051464	-0.54908
0.94162	-0.68836
-1.6977	-1.195
-1.1186	-2.338
1.13	-4.6338
0.38017	-5.4998
-0.21629	-3.8231
-1.0153	1.6404
0.27915	4.0407
-0.34047	3.5622
-1.1347	2.0968
-0.6174	-1.693
-1.1545	-2.2043
-0.94571	-0.20886
0.8005	1.9218
-1.2454	2.75
-0.16047	1.9406
0.058998	-0.13861
1.2039	-2.0436
0.49309	-0.41697
1.9517	0.78138
1.784	1.6331
1.9672	1.1163
1.7064	0.65384
0.71554	-0.61534
0.13785	-0.59695
1.2048	0.076481
1.4348	0.79487
-1.4688	1.089
-0.16564	0.087833
0.38893	-1.301
-0.35191	-1.1756
0.226	-0.75567
0.97474	0.74015
-0.82641	0.89071
-1.1142	0.40302
-0.78666	-0.51484
0.34032	-0.89053
1.2461	-0.56863
1.1559	-0.10656
1.3596	1.062
1.8093	0.37902
1.8633	-0.10716
2.1129	-1.3204
-0.15988	-1.1185
0.17719	-0.37166
0.18568	0.70578
-1.4127	0.30835
-0.12183	-0.4309
-0.20807	-0.13352
0.64128	-0.48532
0.035085	-0.17246
1.1675	0.023559
0.54046	0.48116
0.48599	0.3929
-0.36195	-0.19335
1.5001	-0.73077
0.078125	-0.0045364
1.0619	0.33315
1.7697	0.48875
0.19979	-0.031263
1.6881	-0.41698
-0.30156	-0.34555
-0.29897	-0.30054
-1.1759	0.19476
-0.80594	0.34335
-0.071912	-0.2609
0.1976	-0.81263
-1.2635	-0.36675
-0.43564	-0.4114
-0.76686	0.35782
-0.9256	0.039591
-0.6713	0.62167
-0.89257	0.31989
-0.36468	0.15836
0.026919	0.069805
-0.35129	0.19843
1.1317	0.35933
1.0504	0.37517
1.2957	-0.85829
0.98916	-0.51459
-0.65391	-0.13976
-0.90298	-0.33199
-0.58965	-0.10024
-0.68147	-0.4149
-0.2222	-0.23723
-0.17451	-0.6613
-2.39	-0.34622
-0.9884	-0.058296
-1.4342	0.93894
-1.1424	0.69362
-0.78882	0.34925
-1.4262	-0.22023
-0.84036	-0.21082
0.59968	-0.018154
0.78744	-0.12532
1.0641	0.46583
1.2186	0.99084
0.87005	0.6023
0.4295	0.8437
-1.5904	0.66162
0.20153	0.24641
-1.2785	0.5235
-1.2212	0.38171
-1.3092	0.13687
-1.3805	-0.32625
-0.81865	-0.42526
-1.4667	-0.082291
-0.72962	0.44361
-0.47485	0.26309
-0.25989	-0.067422
-0.66812	-0.8726
0.48157	-0.67674
-0.16073	0.50565
-0.47708	0.75291
1.4829	0.43398
1.4104	0.52705
-0.12178	0.96715
-0.93609	0.64326
-0.16537	-0.23684
-0.87285	-0.091149
-1.6259	0.0042949
-2.4077	0.19421
-0.95864	-0.10942
-1.2619	-0.18856
-1.2295	0.52567
-0.78822	0.049039
-1.6992	0.33937
-0.6011	0.11594
-0.3721	0.23964
-0.22071	0.4356
0.53842	0.10572
-0.045277	0.62019
1.3837	1.0759
1.6709	1.7307
1.349	1.0284
-0.21676	0.30885
0.0025369	-0.26299
0.90382	0.024406
-1.559	1.0377
0.34548	1.0468
-1.2315	0.87357
-0.86418	0.76365
0.11306	-0.60991
-1.7062	0.10244
-1.1656	0.54289
-0.1402	0.86881
-0.67811	0.54611
-0.49045	0.63544
0.81926	0.31794
-0.14006	0.5778
-0.22131	0.59697
1.983	1.274
1.5215	1.0472
1.6718	1.1585
1.4824	1.0032
0.70485	0.063295
0.0080893	-0.34327
0.19054	-0.67452
-0.23159	0.73669
-1.2162	0.18743
-1.4742	0.27099
-1.0036	-0.37356
-0.25552	-0.34976
-0.11996	-0.41654
-1.6119	-0.76601
-0.61443	-0.14833
-0.77219	-0.57967
0.36693	-0.79495
0.22632	-0.20879
0.37939	0.34318
-0.015276	0.0034045
1.917	-0.010588
0.59975	0.39683
1.0046	-0.38661
0.96153	-0.2453
0.49274	-0.74982
0.067907	0.00052261
-1.4219	-0.11306
-0.0076149	-0.29438
0.67461	-0.79185
0.32366	-1.3864
0.48403	-0.60985
-0.20982	-0.32212
-0.49777	-0.12212
0.12428	-0.087786
-0.55471	-0.22167
1.4252	-0.547
1.6683	-0.24691
1.8222	-0.010736
1.3418	-0.07264
0.9372	-0.1696
1.4662	0.21244
1.9179	-0.53112
0.031284	-0.6481
-1.0668	0.018621
-0.67223	-0.59558
0.22106	-0.64454
-0.4653	-1.0076
0.75186	-0.82595
0.231	-0.47856
0.8889	-0.75168
-1.7092	-1.0983
-1.1395	-2.6314
1.1832	-4.649
0.62921	-5.6891
-0.10826	-3.8639
-0.52225	1.907
0.41408	4.0197
-0.57415	3.7391
-0.75428	2.0649
-0.64644	-2.1159
-0.82767	-2.7608
-0.83685	-0.46151
0.31833	2.6619
-0.97202	2.6415
-0.35395	2.0648
0.34751	0.057264
1.4251	-1.8559
0.76292	-0.26514
1.8911	0.62114
2.062	1.8016
1.9587	1.5923
1.8441	0.9532
0.58692	-0.76734
-0.012059	-0.42427
0.70291	0.061901
0.94374	0.70545
-1.6121	1.2732
-0.047232	0.11033
0.46526	-1.4527
-0.31567	-1.5067
0.20344	-0.53747
1.1773	0.49402
-1.3748	1.0306
-1.2099	0.058685
-0.12433	-0.18023
0.28603	-0.8911
1.0162	-0.61601
0.9545	-0.36597
1.1748	1.1069
1.7322	0.35435
1.5441	0.057929
2.0778	-0.91432
-0.20507	-0.85941
-0.23995	-0.10281
0.031672	0.32125
-1.3343	0.40733
-0.27893	-0.52403
-0.32286	-0.59123
0.15963	-0.53007
0.23411	0.0077843
0.89225	-0.054882
0.024872	0.78521
0.913	0.50495
-0.026165	-0.15521
1.6181	-1.0872
0.36539	-0.063731
1.342	0.48803
1.3975	0.48428
0.51956	0.38401
1.6007	-0.52396
-0.45031	-0.03642
-0.011515	-0.0027379
-1.0209	0.31086
-0.55705	0.38744
0.052725	-0.25966
0.50307	-0.5359
-0.93639	-0.094669
-0.75599	-0.51753
-0.77379	0.54038
-1.2103	-0.13772
-0.91046	0.83366
-1.2095	-0.062035
-0.43131	0.35577
0.10603	0.3008
-0.22048	0.21088
1.4565	0.99543
0.42917	0.42458
1.296	-0.71087
0.63573	-0.48159
-0.39352	-0.22098
-1.2745	-0.44706
-0.98358	0.075587
-0.98832	-0.61194
-0.26709	-0.49876
0.20184	-0.57171
-2.2308	-0.32433
-0.25135	-0.11864
-1.6198	0.62196
-1.5161	0.53652
-0.42971	-0.15878
-1.5215	-0.40944
-0.88112	-0.25269
0.40151	0.0029619
0.73182	-0.32461
0.97746	0.41846
0.88529	0.80769
0.55557	0.62379
0.77001	0.8464
-1.6891	1.0181
0.45189	0.29003
-1.7466	0.51529
-0.94505	0.23488
-1.1213	-0.038022
-1.5008	-0.7399
-1.1606	-0.24144
-1.3633	-0.20917
-0.82843	0.2264
-0.73285	0.02766
-0.071739	-0.11882
-0.90091	-0.42062
0.4574	-0.27769
0.11183	0.05748
-0.70909	0.48927
1.4305	0.41147
1.6061	0.85566
-0.47414	1.0719
-1.044	0.68354
-0.40159	0.14816
-0.7565	-0.51574
-1.9264	0.30131
-2.0077	0.047401
-1.1144	-0.13838
-1.1067	0.0079991
-1.6046	-0.13604
-0.81291	-0.15405
-1.6715	0.26006
-0.18148	0.2759
-0.05526	0.21072
-0.041856	0.23337
0.56607	-0.0079814
-0.10408	0.39823
0.88274	1.1083
1.7186	1.4551
1.2894	1.2054
0.16547	0.50458
0.1422	-0.42517
0.96282	-0.1203
-1.6003	1.0025
0.46719	1.2365
-1.4271	1.1877
-1.107	0.11101
-0.10002	-0.31291
-1.5058	-0.18541
-1.4787	0.52056
0.33098	0.58026
-0.71294	0.32615
-0.67211	0.51477
0.92863	0.58691
-0.040989	0.63653
0.091293	0.51383
2.0743	1.091
2.0953	1.3312
1.715	1.0954
1.7445	0.73341
0.51069	0.16381
-0.076399	-0.31613
0.58187	-1.0393
0.40166	0.4782
-1.0378	-0.22571
-1.1002	0.053782
-0.98215	-0.16508
-0.33422	-0.72445
-0.38077	-0.75304
-1.7833	-0.67703
-0.91087	-0.61472
-0.8949	-0.41953
0.43965	-0.69771
0.18712	-0.23813
0.72432	0.31923
0.020432	0.2602
2.0563	-0.19011
1.0986	0.0051207
0.79329	-0.099994
0.99753	-0.10347
0.86202	-0.50556
0.097569	0.21777
-0.87754	-0.11453
-0.061248	-0.17442
0.63759	-0.94803
0.42139	-1.0956
0.6591	-0.47763
-0.14575	-0.38289
-0.62618	-0.42287
0.48336	-0.34457
-0.51341	-0.48147
1.4048	-0.67991
1.5062	-0.3908
1.9557	-0.25028
1.0633	-0.17236
1.1784	-0.23373
1.2693	0.15659
1.92	-0.73818
0.24825	-0.85261
-1.0064	0.003403
-0.77927	-0.30532
0.1966	-0.3669
-0.6812	-0.92208
0.17643	-0.92203
-0.11073	-0.24747
0.467	-0.46082
-1.6302	-0.59784
-1.0483	-2.0956
1.2848	-4.3174
0.51096	-5.5998
-0.12387	-3.2782
-0.57067	1.7566
0.64968	4.1408
-0.79905	3.9678
-1.0992	1.6918
-0.61735	-1.7695
-1.045	-2.6049
-0.43979	-0.33831
0.86603	2.2656
-1.1747	2.651
-0.026319	1.7538
0.26712	-0.18805
1.251	-1.8098
0.76058	-0.49767
1.7381	0.74248
1.768	1.6598
1.6063	1.5302
1.7047	0.81462
0.84551	-1.0065
0.39416	-0.68113
1.3116	0.1021
1.2092	0.89867
-1.3125	1.1403
-0.5325	0.18062
0.27397	-1.3853
-0.53759	-1.3561
0.25836	-0.75977
1.0294	0.49459
-1.4066	1.1754
-1.3447	-0.16485
-0.56081	-0.19922
0.32697	-0.72228
1.3095	-0.36658
0.87365	0.13076
1.3237	0.76625
1.5615	0.6321
1.4806	0.068149
1.8632	-0.72817
-0.035534	-0.75249
-0.0035042	0.15725
0.5022	0.01952
-1.4342	0.56692
0.024808	0.016578
-0.5508	-0.42493
0.28347	-0.71327
0.38628	-0.29922
0.55791	0.27752
-0.0030591	0.43324
0.37506	0.33433
-0.12718	-0.18334
1.8663	-0.90718
0.2498	0.24143
0.91785	0.44439
1.5696	0.58222
0.58354	0.62327
1.8678	-0.20965
-0.45941	-0.23086
0.1621	-0.14349
-0.9615	0.31972
-0.65184	0.049692
0.10827	-0.44889
-0.035828	-0.50941
-1.3305	-0.56388
-0.55086	-0.42688
-0.61497	0.23459
-0.68126	-0.084898
-0.77367	0.48291
-1.2798	0.02334
-0.50241	0.20789
0.33823	0.31103
-0.33338	0.17538
1.3161	0.12397
0.86687	0.45403
1.1963	-0.49069
0.70144	-0.2285
-0.61362	-0.27785
-0.75038	-0.25679
-0.60862	-0.28354
-0.70677	-0.33835
-0.27304	-0.38766
0.16487	-0.62244
-2.4746	0.056223
-0.55921	-0.14753
-1.5517	0.23156
-1.4317	0.14637
-1.0043	-0.03062
-1.3066	-0.25927
-0.97183	-0.22701
0.28585	0.008363
0.90693	0.091294
0.94403	0.71334
1.2423	0.68417
0.77453	0.58767
0.40738	0.40088
-1.2323	0.55575
0.14188	0.43439
-1.8443	0.70095
-0.88118	0.14345
-1.1197	0.22076
-1.5605	-0.27293
-0.85461	-0.2845
-1.3636	-0.062207
-0.66615	0.2105
-0.50956	0.069659
-0.87463	0.037465
-0.84947	-0.65544
0.44761	-0.44327
0.45678	0.04809
-0.71568	0.58107
1.6889	0.77006
1.8894	0.80449
-0.12517	1.2108
-1.0636	0.11806
-0.33316	-0.16043
-0.62377	-0.31957
-1.4713	0.26783
-2.3354	0.0042159
-1.5595	-0.18403
-1.3169	-0.37938
-1.4464	-0.06476
-0.62887	-0.35779
-1.7404	0.23176
-0.50329	0.31096
0.19802	0.44509
-0.18534	0.19609
0.29314	0.22335
0.26602	0.8247
1.0652	0.9286
1.627	1.0122
1.8302	0.98735
-0.34499	0.69837
0.16075	-0.57123
0.73837	0.10755
-1.2961	0.61775
0.39208	1.2339
-1.0104	0.88756
-0.86734	0.54389
0.24981	-0.26721
-1.6915	0.15125
-1.1705	0.8151
0.066632	0.82467
-0.55924	0.37998
-0.56626	0.51046
0.79905	0.45787
-0.44206	0.3793
-0.34301	0.51224
1.9268	1.331
1.6308	1.1038
1.6142	1.395
1.5354	0.69747
0.4965	0.29884
-0.20842	-0.28871
0.24006	-0.2904
0.14022	0.16986
-1.0275	0.13235
-1.1427	0.41386
-0.97321	-0.29941
0.47668	-0.80444
-0.20301	-0.5185
-2.0279	-0.5314
-0.72965	-0.44821
-0.73283	-0.74085
0.33324	-0.87232
0.39494	0.081307
0.24334	0.26968
-0.35847	0.1838
1.9166	-0.19733
1.0231	0.42822
0.89988	-0.18743
1.1207	-0.30358
1.1904	-0.40065
0.46682	0.11133
-0.7556	-0.14489
-0.043926	-0.45575
0.58828	-0.91078
0.78636	-1.1867
0.51425	-0.42135
-0.069496	-0.26131
-0.52984	-0.40172
0.079176	-0.18244
-0.40447	-0.50943
1.4411	-0.69363
1.5196	-0.25569
1.7039	-0.36546
1.3797	0.026707
1.2051	-0.23644
1.3459	0.16528
1.6329	-0.52886
0.13613	-0.20893
-1.0406	0.13294
-0.54356	-0.2919
0.25519	-0.67682
-0.48378	-1.1022
0.36523	-0.83327
0.34492	-0.19992
0.45124	-0.90868
-1.6548	-0.75
-1.3782	-2.2116
1.2438	-4.519
0.49609	-5.4637
-0.021701	-3.6866
-0.93135	1.3098
0.42557	4.1026
-0.88438	3.9239
-1.1217	1.6575
-0.99642	-2.0639
-1.0258	-2.4442
-0.63751	-0.38749
0.67301	1.9521
-0.92384	3.1002
-0.30227	1.8599
0.034868	0.027531
1.5053	-1.7515
0.57003	-0.63601
1.9026	0.87884
1.4833	2.2145
2.0675	1.5459
2.2131	0.3472
0.76211	-0.29637
0.13587	-0.69275
1.319	0.18229
1.2336	0.9186
-1.4977	1.104
-0.14008	-0.12065
0.32724	-1.5074
-0.21758	-1.1678
0.2954	-0.59015
0.73504	0.587
-1.1805	1.0402
-1.2312	0.43656
-0.40659	-0.16362
0.1043	-0.79583
1.0703	-0.54422
0.73679	-0.24271
1.5436	1.1746
1.8318	0.29972
1.8479	-0.00015964
1.5415	-1.2358
-0.22524	-0.54713
-0.18579	0.18459
0.30575	0.16902
-1.5686	0.54375
0.074537	-0.37634
-0.66403	-0.34209
0.47166	-0.73516
0.14796	-0.38333
0.63142	0.24574
0.15349	0.57016
0.70553	0.53827
-0.12098	-0.044466
1.8959	-0.72842
0.24264	-0.5315
0.89927	0.13381
1.9096	0.63335
0.43776	0.22925
1.767	-0.10138
-0.38092	0.066264
-0.026613	-0.12619
-1.1477	0.19544
-0.67687	0.43539
0.083971	-0.5412
0.30165	-0.71036
-1.1274	-0.63571
-0.58313	-0.14636
-0.62268	0.30007
-0.90118	-0.33615
-0.60065	0.4965
-1.0771	0.281
-0.80969	0.29859
0.39975	0.059837
-0.47815	0.23124
1.1725	0.7437
0.76332	0.17446
1.0471	-0.68643
0.55437	-0.43902
-0.45502	-0.40489
-1.0068	-0.14106
-0.94053	-0.15465
-0.75443	-0.19525
-0.61477	-0.37564
0.038977	-0.70342
-2.2016	-0.21603
-0.37744	0.044709
-1.6793	0.22247
-1.6068	0.51986
-0.58159	-0.31933
-1.5198	-0.3125
-0.96795	-0.26464
0.059798	0.3263
0.80718	-0.37254
1.0712	0.45615
1.1545	0.84767
0.99216	0.44219
0.631	0.58583
-1.6691	0.34445
0.28329	0.024182
-1.5291	0.60451
-0.66578	0.055649
-1.1337	-0.012945
-1.7107	-0.93996
-1.1919	-0.13856
-0.7813	-0.24627
-0.57041	0.19948
-0.77465	0.54266
-0.54115	-0.05973
-0.63277	-0.41144
0.62705	-0.26124
-0.0031004	0.033713
-0.3489	0.27695
1.3481	0.3481
1.4868	0.71658
-0.22614	0.97477
-0.84444	0.82547
-0.74872	0.094318
-0.79346	-0.20719
-1.5293	0.26761
-2.5602	0.053441
-0.90447	-0.27446
-1.2989	-0.29804
-1.525	0.3431
-0.38016	-0.56865
-1.7572	0.44661
-0.42776	0.083326
0.21605	0.64358
-0.25201	0.26755
0.61134	-0.10652
-0.2829	0.69591
1.22	1.1707
1.2695	1.4975
1.6129	1.1118
-0.21781	0.47099
0.14855	-0.63942
0.60443	-0.11274
-1.6384	0.96678
0.4279	0.71936
-1.36	1.1939
-1.3392	0.16369
0.18334	0.13313
-1.6091	-0.11762
-1.4175	0.8233
0.040195	0.85848
-0.871	0.67634
-0.59129	0.40391
0.7815	0.54646
0.042974	0.36468
-0.30661	0.76651
1.7613	0.86465
1.7079	1.237
1.3134	1.2195
1.6227	0.4296
0.54741	0.31882
-0.15696	-0.14318
0.6928	-0.69541
-0.028461	0.37893
-1.0066	0.30994
-1.1685	0.15108
-0.91107	-0.099852
-0.054269	-0.65524
-0.16607	-0.61389
-1.9458	-0.81791
-0.8121	-0.2091
-0.59174	-0.51998
0.1603	-0.59906
0.40382	-0.084512
0.72986	0.40588
-0.32944	0.25951
1.9604	-0.46725
0.80383	0.26203
0.72694	-0.122
0.81936	-0.28982
0.6228	-0.7656
0.16412	-0.27316
-1.218	-0.14994
0.1176	-0.6907
0.50952	-1.2872
0.25698	-1.0898
0.27729	-0.62668
-0.41943	-0.61829
-0.61557	0.11393
0.25527	0.39606
-0.47733	-0.48931
1.3143	-0.78875
1.4389	-0.089527
1.8928	-0.25431
1.2056	-0.15471
0.87845	-0.066816
0.99125	-0.13103
1.7095	-0.56171
0.016789	-0.48568
-0.66822	0.35721
-0.70893	-0.41914
0.17843	-0.56636
-0.65257	-0.53848
0.30043	-0.90549
-0.027753	-0.11944
0.79335	-0.64447
-1.4325	-1.4264
-1.0464	-2.5089
1.4964	-4.6298
0.85774	-5.6915
0.14009	-3.6282
-0.71519	1.7515
0.63836	3.6772
-1.0615	4.1803
-0.82047	1.7307
-0.84264	-1.7454
-0.94922	-2.9848
-0.79287	-0.26241
0.61532	2.3413
-1.0499	3.0533
-0.13604	1.827
0.34358	-0.19079
1.1369	-2.2077
0.74227	-0.067605
1.8674	0.67729
1.8521	1.7728
1.8741	1.5669
1.7377	0.41398
0.64427	-1.015
0.08555	-0.43226
1.2004	0.29456
1.244	0.75633
-1.1811	1.0384
0.14045	0.019708
0.73673	-1.511
-0.23393	-0.967
0.14339	-0.97191
1.0321	0.23397
-0.90857	1.1139
-1.3591	0.31485
-0.54976	-0.25551
-0.0026323	-0.7056
1.1951	-0.72904
0.89261	0.29024
1.3827	0.89768
1.7376	0.1809
1.8682	-0.045761
1.9614	-0.98528
0.15922	-0.88235
-0.043441	-0.059274
0.24117	0.2182
-1.5474	0.48226
-0.34844	-0.51987
-0.37231	-0.31365
0.26677	-0.39079
0.29672	-0.16613
1.1669	0.1662
0.33439	0.41199
0.44047	0.34549
-0.46575	-0.023865
1.5849	-0.96397
0.064582	-0.12369
0.94336	0.24021
1.7633	0.49323
0.45423	0.28602
1.7563	-0.11608
-0.32012	-0.19072
0.099122	0.014505
-1.2096	-0.095525
-0.51828	0.18042
0.034453	-0.80446
0.0852	-0.79076
-0.95414	-0.33859
-0.55015	-0.57068
-0.79558	0.24543
-0.71882	-0.19194
-0.63615	0.58453
-0.98231	0.30006
-0.43831	0.33094
0.040565	0.028392
-0.063373	0.63626
1.4679	0.28543
0.65103	0.15785
1.2365	-0.30207
0.67921	-0.35063
-0.81347	-0.26244
-1.0511	-0.36372
-0.88073	-0.0024783
-1.0715	-0.60572
-0.54702	-0.28774
0.2359	-0.18476
-2.5951	-0.094731
-0.39587	-0.218
-1.8709	0.74901
-0.97944	0.21783
-0.38463	-0.11634
-1.3473	-0.31552
-0.96507	0.056978
0.28655	0.047212
0.77969	-0.14876
0.88595	0.29587
1.0841	0.83362
0.76135	0.76618
0.34566	0.59093
-1.5558	0.80933
0.12979	0.25786
-1.882	0.43437
-0.76895	0.11342
-1.1101	-0.12275
-1.1367	-0.59404
-0.8986	-0.041699
-1.3322	-0.26163
-0.74091	0.71353
-0.8138	0.39267
-0.15854	0.078094
-1.0129	-0.83115
0.56635	-0.22085
0.054041	0.55346
-0.67551	-0.022865
1.379	0.83676
1.3212	0.88413
-0.27003	0.77384
-0.98481	0.75072
-0.43717	-0.012249
-0.94996	-0.11201
-1.7729	0.24931
-2.5627	0.19389
-1.0116	-0.16531
-1.0946	-0.32154
-1.4361	0.61702
-0.63236	0.11138
-1.5447	0.17251
-0.22957	0.3412
-0.13894	0.31309
-0.12446	0.20109
0.14758	-0.12273
0.01985	0.57558
0.83711	0.92336
1.2313	1.3613
1.774	1.1605
0.06439	0.71321
0.43118	-0.33326
0.79478	-0.16217
-1.2529	1.1106
0.066919	0.81239
-1.4689	0.9837
-1.3806	0.23316
0.23994	0.10459
-1.4614	0.27323
-1.1372	0.61274
-0.19835	1.1013
-0.95762	0.95955
-0.62341	0.4848
0.55698	0.42891
-0.1493	0.46026
-0.15311	0.68687
1.9394	0.86082
1.8187	1.3926
1.499	1.2503
1.7517	0.82098
0.46959	0.28807
-0.061724	-0.1813
0.24012	-0.69169
0.0076894	0.43424
-1.1316	0.32217
-1.1897	0.085459
-1.0501	-0.1426
-0.09353	-0.60798
-0.19207	-0.4369
-1.6394	-0.62117
-0.81892	-0.42513
-0.40643	-0.53808
0.15061	-0.88588
0.38319	-0.11249
0.37574	0.26777
-0.35275	0.25934
1.967	-0.48236
0.91789	0.094254
1.0088	-0.042373
0.77534	-0.10263
0.80935	-0.47998
0.50288	-0.12266
-1.2865	-0.15027
0.0551	-0.40501
0.52603	-0.60406
0.3687	-1.2442
0.64321	-0.55213
-0.18396	-0.83389
-0.45778	-0.46576
0.4036	-0.17616
-0.30036	-0.59181
1.5226	-0.64004
1.6541	-0.56601
2.0491	-0.20166
1.1497	0.2616
1.1361	-0.25384
1.165	0.099478
2.416	-0.7131
0.40282	-0.46465
-0.69006	-0.0060867
-0.53932	-0.51207
-0.13704	-0.33314
-0.683	-0.84578
0.35452	-0.97782
0.070849	-0.62522
0.96802	-0.63447
-1.556	-1.1538
-1.2338	-2.4679
1.5108	-4.2977
0.46302	-5.4931
0.4299	-3.4072
-0.77812	1.7313
0.32769	3.7227
-0.90485	3.9198
-1.0879	2.1379
-0.61209	-1.6646
-0.77665	-2.7072
-0.84735	-0.12719
0.79969	2.2558
-1.169	3.1296
-0.10049	2.0038
-0.1729	-0.27503
1.9157	-1.7084
0.35971	-0.64859
2.0575	0.45543
1.7011	1.8859
1.7728	1.8173
1.7659	0.57772
0.52372	-1.2976
-0.12037	-0.42494
1.1566	0.42907
1.1025	0.94157
-1.3063	1.1016
-0.46114	0.43566
0.4569	-1.3097
-0.4046	-1.2583
0.41758	-0.60183
1.1118	0.53866
-1.1486	1.2958
-1.242	0.40067
-0.61846	-0.23105
-0.050022	-0.80458
1.2272	-0.58348
0.89673	0.32146
1.3582	1.1558
1.7728	0.38846
1.5883	-0.22397
2.0208	-1.069
0.15327	-0.92657
-0.38323	-0.056362
0.071606	0.056422
-1.3476	0.3233
-0.1839	-0.6855
-0.57586	-0.25397
0.39743	-0.51838
0.10076	-0.27597
1.0278	0.27263
0.32987	0.39701
0.54374	0.37102
-0.064532	-0.059533
1.5472	-0.78494
0.29487	-0.1447
0.71256	0.44802
1.6937	0.28609
0.55452	0.46437
1.7953	-0.29943
-0.13829	-0.14266
-0.059435	-0.18974
-1.049	0.77712
-0.65235	0.10967
-0.38814	-0.68708
-0.11405	-0.82069
-1.4295	-0.56365
-0.5017	-0.49365
-0.55466	-0.010212
-0.97467	-0.44484
-0.58711	0.16058
-0.58829	0.22461
-0.43602	0.1836
0.13225	0.12473
-0.2058	0.2277
1.3162	0.49043
0.72829	0.44992
1.4335	-0.31513
0.56191	-0.65985
-0.63477	-0.23191
-1.1251	-0.57393
-0.93352	-0.043647
-0.73115	0.051707
-0.43444	-0.1123
0.11676	-0.82876
-2.219	0.037063
-0.75827	-0.15532
-1.551	0.391
-1.4569	0.88192
-1.0352	-0.20998
-1.508	-0.63723
-0.85402	0.06308
0.3399	-0.00074998
0.9234	0.023441
0.92829	0.55392
0.6578	0.74036
0.80834	0.33251
0.41034	0.65737
-1.7485	0.86077
0.34847	0.25165
-1.8069	0.49381
-1.1006	0.31414
-1.3099	0.34678
-1.4867	-0.51034
-1.0565	-0.36899
-1.1306	-0.26511
-0.75533	0.14012
-0.91549	0.49675
-0.44222	0.29775
-0.77967	-0.68533
0.63049	-0.080692
0.07369	0.33168
-0.64304	0.40017
1.3841	0.47191
1.6077	0.67764
-0.25444	1.3421
-1.0819	0.34201
-0.44754	0.0084598
-0.6976	0.053335
-1.5502	0.23206
-2.3227	0.01361
-1.2025	0.11425
-1.489	-0.40548
-1.6323	0.14636
-0.87222	-0.059777
-1.1652	0.48255
-0.16956	0.26253
-0.17251	0.43073
-0.24779	0.40521
0.40492	-0.048543
0.067788	0.43722
0.80677	1.0679
1.6127	1.4988
1.4752	1.1027
-0.17667	0.75741
0.14945	-0.6931
0.75367	0.2114
-1.8183	0.66488
0.020978	0.93149
-1.316	1.1159
-1.2761	0.021429
0.15337	-0.17567
-1.4372	0.060701
-1.4164	0.59278
-0.35118	0.75979
-1.2074	0.50412
-0.41948	0.42752
0.69562	0.62437
-0.45628	0.41558
-0.35227	0.74427
1.8322	0.90277
1.8549	1.0233
1.2453	1.1276
1.364	1.1509
0.68209	0.47607
-0.02986	-0.40165
0.44935	-0.39824
0.29741	0.41997
-0.70451	0.33906
-1.1113	0.26554
-1.0622	-0.067755
-0.14535	-0.39977
-0.39162	-0.39241
-1.6831	-0.70963
-0.62091	-0.2938
-0.78064	-0.52395
0.013391	-0.73591
0.33767	-0.21339
0.29013	0.50401
0.10534	0.088799
2.1631	-0.53072
0.9757	0.0087333
0.80306	-0.33046
0.82517	-0.13088
0.79564	-0.72452
0.10743	0.12968
-1.4288	0.088677
0.10302	-0.4238
0.59196	-0.66764
0.25976	-1.055
0.33209	-0.56965
-0.033506	-0.24975
-0.47128	-0.17572
0.47282	-0.39682
-0.28167	-0.59
1.9003	-0.69708
1.3475	-0.27318
1.5624	-0.50362
1.2633	0.27382
1.0444	-0.018918
1.539	-0.23015
1.6637	-0.51418
-0.39231	-0.5669
-0.93714	0.049827
-0.84579	-0.40129
0.055068	-0.64982
-0.65754	-1.0642
0.24825	-0.8003
-0.01535	-0.48737
0.864	-0.72072
-1.4574	-1.244
-0.92259	-2.4441
1.6854	-4.1191
0.49418	-5.6389
-0.051555	-3.3603
-0.74671	1.9828
0.39811	4.0488
-1.0398	3.8855
-1.1535	2.1064
-0.68028	-1.4962
-0.97648	-2.6644
-0.83408	-0.34512
0.19039	2.3892
-0.81224	3.0267
-0.15348	1.6304
0.060128	-0.45271
1.5832	-2.1716
0.57966	-0.38986
1.9762	0.90473
1.5016	2.2322
1.2991	1.6415
2.2302	0.82298
0.64568	-0.8976
-0.061968	-0.66806
1.0971	-0.01695
1.3337	1.2841
-1.3486	1.205
-0.18118	0.27583
0.42884	-1.2964
-0.16337	-0.96093
0.14746	-0.53862
0.83492	0.58547
-0.88191	1.1266
-0.96547	0.12577
-0.41011	0.053369
-0.076697	-0.68593
1.0452	-0.52696
0.97197	0.28753
1.6398	1.067
1.6111	0.29253
1.3134	-0.087513
1.8731	-1.073
-0.10436	-0.37164
-0.26472	-0.1644
0.20069	0.41523
-1.1836	0.19734
-0.42491	-0.48968
-0.62644	-0.4635
0.47798	-0.82882
0.48439	-0.52934
0.56005	0.1536
0.17676	0.39352
0.48376	0.32375
-0.12389	-0.12418
1.6631	-1.0702
0.038937	-0.51936
0.89519	0.19248
1.5477	0.29759
0.34872	0.28358
1.5999	-0.26434
-0.14022	-0.059922
0.14047	0.040937
-1.0393	0.19639
-0.7442	0.39499
0.41594	-0.86978
0.11694	-0.83202
-1.3523	0.010834
-0.27318	-0.57353
-0.66536	0.057394
-1.4014	-0.3747
-0.43352	0.38145
-0.72907	-0.15069
-0.36857	0.097902
0.16857	0.34017
-0.27508	0.2453
1.3625	0.46227
0.70641	0.24093
1.2089	-0.58856
0.82347	-0.60691
-0.57818	-0.47602
-0.96592	-0.58826
-0.91737	-0.059999
-0.84533	-0.33089
-0.14186	-0.39274
0.051085	-0.60876
-2.3551	0.099885
-0.41978	-0.042302
-1.5751	0.74772
-1.3859	0.88479
-0.86378	0.13836
-1.4265	-0.36393
-0.9858	-0.41715
0.33456	0.46609
1.1206	-0.20992
1.068	0.14832
1.1439	0.69022
0.40343	0.62545
0.67094	0.68296
-1.7213	0.82238
0.045913	0.11536
-1.4797	0.65561
-1.0976	0.070392
-0.82508	0.058772
-1.8132	-0.68362
-1.105	-0.56149
-1.3147	-0.28625
-0.83912	0.37072
-0.78162	-0.049149
-0.33654	0.22172
-0.4885	-0.34918
0.84815	-0.44059
0.40092	0.0023673
-0.45901	0.20201
1.5477	0.69332
1.6253	0.87706
-0.25855	1.2162
-1.1855	0.060022
-0.43271	-0.14137
-0.69867	-0.072456
-1.4762	0.13435
-2.4407	-0.0035495
-1.053	0.030842
-1.3668	-0.30996
-1.4735	0.62785
-0.75019	-0.17879
-1.9367	0.30052
-0.21386	0.093546
-0.36108	0.35524
-0.2498	0.24836
0.46023	-0.22482
-0.21489	0.72525
1.1697	1.2559
1.4458	1.6919
1.431	1.0855
-0.19843	0.38691
0.21318	0.019818
0.9279	0.11251
-1.0892	0.76731
0.087285	1.0617
-1.6437	1.1768
-1.1449	0.42923
0.056534	0.046603
-1.6016	-0.31869
-1.3016	0.52661
-0.15963	0.7091
-0.93639	0.3636
-0.1912	0.31146
0.46963	0.47683
-0.23191	0.48564
-0.19716	0.6948
2.1513	0.82302
2.0327	1.1081
1.7041	1.2718
1.8502	0.7867
0.78254	0.31671
-0.1921	-0.415
0.4749	-0.64019
0.11956	0.29034
-1.014	-0.088595
-1.3076	0.29876
-0.9092	-0.31365
0.050239	-0.60511
-0.4661	-0.7174
-2.0998	-0.74707
-0.48624	-0.41071
-0.94919	-0.81559
0.1248	-0.58627
0.056148	-0.34117
0.094182	0.63795
-0.36909	-0.19211
2.2214	-0.21947
0.73119	0.062859
0.63724	-0.31979
0.96235	-0.30798
0.84082	-0.61886
0.71602	-0.1537
-1.4956	-0.20092
-0.019223	-0.62123
0.34804	-1.051
0.40298	-0.98216
0.37022	-0.42883
0.089928	-0.56324
-0.67451	-0.079285
0.2487	0.045484
-0.47723	-0.39079
1.4636	-0.88017
1.424	-0.039212
1.9263	-0.52137
1.3981	-0.061084
1.0613	-0.2831
1.214	-0.1701
1.6174	-0.56377
0.14559	-0.72545
-0.86139	-0.069723
-0.67693	-0.41665
-0.032082	-0.66746
-0.77675	-0.94931
0.61564	-1.0241
-0.40276	-0.35781
0.85041	-0.80693
-1.413	-0.79471
-1.1857	-2.4926
1.4369	-4.7937
0.653	-5.5298
-0.033862	-3.5404
-1.0654	1.5675
0.4419	3.7572
-0.38301	3.7747
-1.2924	1.9219
-0.45587	-1.9208
-0.70184	-2.6348
-0.89241	-0.50701
0.56312	1.8648
-1.1878	3.3302
-0.057641	1.8914
0.21627	-0.34507
1.1153	-2.0177
0.42819	-0.12973
2.134	0.79965
1.5139	1.7921
1.9928	1.5402
2.0968	0.52906
0.57649	-0.94922
0.11993	-0.50527
0.98795	-0.1788
1.2814	0.6243
-1.4455	0.87488
-0.27726	0.304
0.53796	-0.8266
-0.43659	-1.1392
0.37788	-0.72796
0.86469	0.49056
-1.1957	1.0673
-1.0682	-0.015041
-0.25283	-0.29508
0.12735	-0.9415
1.2327	-0.77554
0.84933	-0.06655
1.42	0.7875
1.8367	0.28343
1.6663	0.20004
1.8745	-1.0106
0.025901	-0.59259
0.2047	-0.21105
0.21467	0.21671
-1.5439	0.45563
-0.18047	-0.45562
-0.44002	-0.52537
0.40603	-0.90585
0.17461	-0.04623
0.9343	0.35311
0.081483	0.48677
0.55525	0.31702
-0.30303	-0.091221
1.7533	-0.68016
0.3077	-0.27886
1.1659	0.34195
1.7672	0.5004
0.35036	0.22835
1.7158	-0.23027
-0.52141	-0.3772
0.20918	0.29048
-1.2295	0.49237
-0.60081	-0.026933
-0.011785	-0.34876
0.19257	-0.4605
-1.4278	-0.65064
-0.29155	-0.41464
-0.78018	0.07784
-0.60656	0.23348
-0.70521	0.48373
-0.58739	-0.046159
-0.35759	-0.044729
0.40484	0.22497
-0.3491	0.15378
1.2896	0.38701
0.79931	0.13652
1.1615	-0.31325
0.53691	-0.58043
-0.55667	-0.059057
-0.81746	-0.49419
-0.76615	-0.41695
-0.89748	-0.16048
-0.64025	-0.42533
0.2512	-0.98047
-2.3866	-0.42541
-0.67484	-0.47442
-1.6584	0.39356
-1.0769	0.91683
-0.86693	0.05491
-1.0585	-0.47723
-0.98828	-0.50108
0.32873	0.44937
0.77149	-0.067943
0.8497	0.29016
0.88823	0.76446
0.82584	0.41471
0.5333	0.65938
-1.6397	0.95114
0.29047	0.018576
-1.6971	0.47902
-0.84912	0.009816
-0.98512	-0.18783
-1.1437	-1.0207
-1.039	-0.090399
-1.3896	0.37156
-0.51657	0.29506
-0.8275	0.29328
-0.46003	0.21995
-0.65165	-0.49278
0.56241	-0.30809
0.29304	0.41512
-0.54819	0.22719
1.2483	0.60223
1.6745	0.89829
0.20871	0.84921
-0.76509	0.69739
-0.39534	0.28849
-0.47492	-0.24048
-1.6421	0.032357
-2.4349	0.0020703
-1.1783	-0.44909
-1.2341	-0.33485
-1.3235	0.46805
-0.50828	-0.3871
-1.6046	0.030867
-0.5746	-0.0099248
-0.11805	0.68378
-0.18758	0.14907
0.14784	0.10854
-0.095079	0.55082
1.1204	1.258
1.5214	1.5847
1.4584	1.3818
0.024967	0.47233
0.24641	-0.75014
0.74247	0.030233
-1.5411	0.85867
0.057525	0.6976
-1.4116	0.82027
-1.2371	0.52401
0.067959	-0.11945
-1.5094	-0.071505
-1.1308	0.39117
-0.30745	1.0045
-0.95595	0.45298
-0.57233	0.49601
0.73235	0.64188
-0.33897	0.55402
0.23803	0.2828
1.6835	1.2172
1.6466	1.2479
1.5217	1.3939
1.5163	0.77698
0.19375	0.53962
-0.21842	-0.45084
0.41487	-0.3465
0.11121	0.45139
-1.0051	-0.10224
-0.91052	0.056905
-0.88387	-0.28023
-0.43675	-0.37195
-0.27558	-0.65926
-1.659	-0.86825
-0.9792	-0.43166
-0.3056	-0.78249
0.10152	-0.81393
0.23854	-0.36244
0.59261	0.14442
-0.26958	0.050441
2.1457	-0.46575
0.40922	0.096164
0.79674	-0.04466
0.58148	-0.014458
0.90222	-0.56973
0.1287	0.041992
-1.2789	-0.21439
-0.23464	-0.36352
0.71984	-1.2158
0.4799	-0.84332
0.25956	-0.32593
-0.16576	-0.50874
-0.33273	-0.29076
0.18626	-0.39028
-0.43344	-0.5976
1.5005	-0.79845
1.5764	0.030529
1.8731	-0.59686
0.98871	0.050035
1.2072	-0.53403
1.0457	0.16327
1.7094	-0.62786
0.078567	-0.83425
-0.8016	0.093033
-0.64878	-0.43731
0.27687	-0.85175
-0.58241	-0.78876
0.53211	-0.80937
0.26733	-0.76487
0.64834	-0.54938
-1.76	-1.0346
-1.4159	-2.4228
1.5939	-4.5456
0.69539	-5.5804
-0.10658	-3.5153
-0.87941	1.6116
0.40887	3.8154
-0.96602	4.0632
-0.89096	1.797
-0.55226	-2.2005
-0.71695	-2.4351
-0.50014	-0.42715
0.6853	2.3879
-0.99438	2.8359
-0.25362	1.8248
0.12934	-0.10395
1.7971	-2.0687
0.22875	-0.52102
2.132	0.62597
1.9175	2.106
1.9674	1.4495
1.6497	0.71687
0.5242	-0.61326
0.10272	-0.35936
1.3311	0.28857
1.1896	0.76375
-1.254	0.9719
-0.268	0.40041
0.5801	-1.2224
-0.33624	-1.1006
0.18418	-0.66506
1.173	0.14399
-0.69589	0.74278
-1.3418	0.16205
-0.27211	-0.20346
0.28094	-0.53196
1.2698	-0.6946
0.92326	0.3213
1.7403	1.0922
1.6982	0.81109
1.5809	0.28548
1.9202	-1.2855
0.10704	-0.90242
-0.27264	-0.29061
0.24163	0.21004
-1.3092	0.28209
-0.0066172	-0.51182
-0.64712	-0.35876
0.64325	-0.48451
0.2923	-0.50101
0.98253	-0.06233
-0.2636	0.42039
0.64632	0.66499
-0.34896	-0.39117
1.7394	-0.68744
0.051727	-0.49306
1.2583	0.067129
1.6663	0.7991
0.57717	0.41778
1.5246	-0.10593
-0.1764	0.1667
0.034832	-0.23604
-1.298	0.26037
-0.57475	0.33021
0.13466	-0.38474
0.1898	-0.80899
-1.2152	-0.63409
-0.5526	-0.45414
-0.49805	-0.0043578
-0.7469	-0.18856
-0.88872	0.64015
-0.97706	-0.10721
-0.91213	0.4953
-0.19361	0.5183
-0.024855	0.29354
1.3268	0.42223
0.71633	0.59056
1.234	-0.60196
0.99654	-0.53536
-0.7544	-0.41576
-0.94004	-0.45752
-1.0831	-0.2261
-0.67638	-0.34305
-0.57542	-0.33099
0.26613	-0.77588
-2.1837	0.051365
-0.6852	-0.16096
-1.9025	0.43364
-1.2372	0.45362
-0.71881	-0.18939
-1.5828	-0.33646
-0.87315	-0.22426
0.054608	0.13684
0.62315	-0.03302
0.8451	0.51963
1.2525	0.50831
0.65325	0.43531
0.71135	0.39639
-1.6307	0.13605
0.3211	-0.036429
-1.7422	0.24177
-0.95643	0.25495
-1.2229	0.10614
-1.1701	-0.77834
-1.0193	0.098783
-1.0041	0.15207
-0.77593	0.42191
-0.7976	0.022117
-0.82478	-0.097821
-0.85996	-0.7284
0.93597	-0.21918
0.25506	0.42914
-0.93259	0.24995
1.262	0.88357
1.4233	0.48485
-0.22141	1.4798
-1.176	0.44593
-0.55476	-0.1321
-0.76936	-0.12185
-1.8384	0.097319
-2.3707	0.34512
-1.0149	-0.091735
-1.4113	-0.096564
-1.3463	0.28882
-0.58496	-0.41071
-1.3291	0.092225
-0.13398	0.029401
-0.34363	0.28185
-0.26213	0.38587
0.18167	-0.081553
-0.0061384	0.6069
1.2548	1.0617
1.9883	1.4144
1.6304	1.0959
0.015216	0.48347
-0.22388	-0.46724
0.91401	0.049559
-1.5625	0.42825
0.2027	1.1122
-1.1915	1.1036
-0.96992	0.097051
0.21845	-0.034647
-1.5829	-0.30169
-1.1413	0.71854
-0.40342	0.6597
-0.84659	0.74652
-0.51288	0.59383
0.6623	0.67059
-0.074408	0.47008
-0.39003	0.63145
1.9099	0.88017
1.8085	1.1858
1.6885	1.6213
1.5967	1.0402
0.4266	-0.089829
-0.18672	-0.38619
0.051968	-0.61467
0.46882	0.37137
-1.4055	0.25327
-0.76377	0.32031
-1.0837	-0.242
-0.52727	-0.32212
-0.10836	-0.52165
-1.9825	-0.90228
-0.27718	-0.44189
-1.0647	-0.8604
0.10722	-0.81746
0.074707	-0.37846
0.37104	0.36165
-0.3978	0.30032
1.8608	-0.29628
1.1229	0.22823
0.99364	-0.62499
0.90753	-0.027355
0.723	-0.55788
0.36782	0.031119
-1.1603	0.045713
0.38343	-0.88702
0.79973	-1.0706
0.3949	-0.89836
0.14076	-0.26385
-0.0741	-0.4542
-0.62958	-0.27347
0.30402	-0.12099
-0.36304	-0.42853
1.2555	-0.66288
1.5951	-0.17649
1.6649	-0.33187
1.3314	-0.031888
1.358	-0.23384
1.0559	-0.43951
1.5223	-0.66614
0.16161	-0.36189
-0.4992	-0.1039
-0.63077	-0.57383
0.1139	-1.1329
-0.58881	-0.88733
0.62944	-0.88015
0.10968	-0.38137
0.91149	-0.57321
-1.833	-1.1921
-1.0757	-2.5239
1.0126	-4.2557
0.38607	-5.7084
-0.041459	-3.5724
-0.8426	1.7297
0.66842	3.915
-1.1702	4.223
-0.96559	1.8259
-0.84707	-2.1665
-0.98361	-2.6853
-0.95226	-0.40597
0.52844	2.5145
-0.89951	2.9652
0.022609	1.8297
0.20146	-0.3504
1.6597	-1.8734
0.51967	-0.45462
2.0072	0.53683
1.8185	1.8573
1.801	1.5184
1.7603	0.4507
0.79632	-0.98402
0.39903	-0.46419
1.1898	0.10754
0.84134	0.56316
-1.3836	0.80741
0.14589	0.029525
0.50948	-1.5024
-0.21253	-1.2166
0.018466	-1.0492
1.0658	0.74927
-1.063	1.1097
-1.2643	0.39643
-0.47982	-0.49574
0.13469	-0.90596
1.205	-0.39176
0.85119	0.20516
1.5813	1.004
1.9319	0.33787
1.2044	-0.30368
1.9849	-1.0581
-0.19212	-0.91623
-0.17373	-0.053303
-0.049213	0.172
-1.4329	0.18696
-0.080207	-0.4409
-0.39993	-0.57484
0.34755	-0.5991
0.041455	-0.44015
1.078	0.19052
0.4096	0.31464
0.43282	0.3953
-0.24684	-0.20188
1.6772	-0.46006
0.72915	-0.19728
1.0364	0.14568
1.6163	0.60914
0.47442	0.57288
1.8196	-0.24177
0.099691	-0.26379
0.064606	-0.07705
-1.3274	0.51462
-0.99005	0.26236
0.13263	-0.46645
-0.094906	-0.78738
-1.4122	-0.61566
-0.46761	-0.35495
-0.32339	0.31172
-0.98078	0.095691
-0.33878	0.19347
-1.059	-0.020507
-0.71207	0.36886
-0.10676	0.30272
-0.23769	0.24676
1.1567	0.59892
1.1041	0.31539
1.3108	-0.72188
0.51378	-0.48704
-0.70935	-0.26357
-0.84311	-0.22793
-0.86107	-0.24881
-0.56444	-0.28859
-0.50718	-0.04131
0.035451	-0.67403
-2.0912	-0.19325
-1.0887	-0.35408
-1.6517	0.37014
-1.2471	0.057597
-0.77954	0.3439
-1.3568	-0.22651
-0.72241	-0.4403
0.14878	-0.1784
0.58121	0.065664
0.70778	0.4665
1.1087	1.0487
0.34358	0.95454
0.67111	0.40912
-1.6113	0.90086
0.076464	-0.026028
-1.4761	0.68018
-0.77078	-0.0074733
-0.99203	-0.050052
-1.4223	-0.62924
-1.1524	-0.081602
-1.1634	0.072991
-0.50734	0.26686
-0.94529	0.20625
-0.33417	0.00056888
-0.40597	-0.42623
0.721	-0.47135
0.3899	0.095473
-0.99816	0.36442
1.7018	0.81217
1.1408	0.71551
-0.48268	1.0494
-0.97571	0.34867
-0.57231	0.12413
-0.66965	-0.039799
-1.5899	0.33138
-2.4024	0.24606
-1.2205	-0.14295
-1.3835	-0.38455
-1.0972	0.59367
-0.8077	-0.31917
-1.8861	-0.0097489
0.14516	0.088973
-0.13622	0.15543
-0.077896	0.20121
0.41186	-0.11393
-0.17184	0.409
0.911	1.313
1.4813	1.537
1.6026	1.2155
0.11772	0.56108
0.23994	-0.49566
0.80958	-0.0047367
-1.3727	0.88246
0.032977	1.0336
-1.2599	0.97927
-0.92615	0.2479
-0.0048797	0.051342
-1.6871	0.0709
-1.4256	0.5315
-0.37673	0.721
-0.81689	0.81879
-0.47934	0.31525
0.67685	0.44789
-0.042955	0.38208
-0.26566	0.56131
1.9639	0.95422
1.7925	1.2388
1.3963	1.223
1.6252	0.56875
0.66598	0.018178
-0.12299	0.019276
0.4693	-0.55739
-0.12971	0.52839
-1.0968	0.09401
-1.2079	0.34214
-1.3675	-0.42198
0.069973	-0.7711
-0.2809	-0.48301
-1.8334	-0.65765
-0.76832	-0.0034457
-0.45609	-0.7396
0.33709	-0.75301
0.44464	-0.20943
-0.30331	0.37774
-0.14233	0.45498
1.9955	-0.63412
0.48337	0.19945
1.0216	-0.34079
1.0163	-0.17917
0.93468	-0.88936
0.35875	-0.14644
-1.4206	-0.10086
0.032854	-0.57702
0.4076	-1.1161
0.53555	-1.1616
0.61843	-0.25261
-0.2056	-0.64487
-0.57789	-0.28015
0.62039	0.322
-0.42539	-0.49018
1.2612	-0.98153
1.6255	0.018506
1.9084	-0.19552
1.4115	-0.049933
1.4633	-0.088064
1.4156	-0.51017
1.7344	-0.60953
0.12632	-0.37057
-0.60122	-0.056742
-0.932	-0.40391
0.24814	-0.63619
-0.70814	-1.1457
0.70114	-0.84936
0.21891	-0.58728
0.91103	-0.90068
-1.5954	-0.99643
-1.1621	-2.3322
1.5395	-4.6741
0.8508	-5.5048
-0.09936	-3.5394
-1.0269	1.67
0.33486	3.8808
-0.87916	4.021
-0.94031	1.8236
-0.70079	-1.7468
-0.97319	-2.3684
-0.85436	-0.16418
0.4466	2.3707
-0.95303	3.2404
-0.35218	1.8819
-0.11815	-0.27018
1.3579	-1.8363
0.81159	-0.27376
1.9086	0.94886
1.7303	2.2074
1.9368	1.999
1.9287	0.82327
0.59637	-0.84074
-0.048267	-0.90848
1.1751	0.10089
1.0628	0.70338
-1.6483	1.0005
0.04856	0.35241
0.28618	-1.4447
-0.59293	-0.89586
0.2236	-1.0985
0.98591	0.77328
-1.3932	1.2195
-1.0144	0.076831
-0.30544	-0.16827
0.15911	-0.8972
1.1906	-0.66829
0.65367	0.28984
1.4703	0.79211
2.042	0.21146
1.4539	0.13238
1.9796	-0.62147
0.090797	-0.64275
-0.011719	-0.078556
0.42426	0.26382
-1.2494	0.55021
0.059601	-0.33198
-0.36751	-0.41904
0.58447	-0.56413
0.41234	-0.52572
0.74028	0.075854
0.45288	0.51042
0.51664	0.54424
-0.096621	0.072414
1.653	-1.1632
0.36265	-0.1557
1.0469	0.45911
1.7747	0.6599
0.23521	0.23747
1.8963	-0.086744
-0.35802	-0.34979
-0.1841	-0.07139
-1.2501	0.18809
-0.60012	0.15647
0.16097	-0.43391
0.081316	-0.91288
-1.2929	-0.49349
-0.22755	-0.61773
-0.76761	-0.046143
-0.77216	-0.22331
-0.629	0.43025
-0.58431	0.33924
-0.46911	0.24847
-0.11186	0.51199
-0.29462	0.21937
1.1338	0.47766
1.1352	0.39764
1.5051	-0.73965
0.79666	-0.05421
-0.57334	-0.19567
-1.2577	-0.60988
-0.67904	0.069173
-0.92714	-0.26037
-0.48454	-0.29946
0.072922	-0.59189
-2.3133	-0.20766
-0.50494	-0.21572
-1.6694	0.63814
-1.2931	0.67318
-1.0974	-0.6358
-1.4318	-0.57639
-0.79653	-0.43101
0.41837	0.46736
0.87793	-0.11367
1.0642	0.23178
0.70546	0.94432
0.67898	0.37055
0.53605	0.59869
-1.8387	0.67357
0.04155	0.38856
-1.7837	0.64961
-0.69544	0.0033833
-1.3682	-0.046753
-1.4535	-0.63057
-0.9986	-0.39669
-1.2355	0.26963
-0.63333	0.11749
-0.7505	0.49674
-0.12815	0.088366
-0.51286	-0.43162
0.86202	-0.090968
0.28505	0.21097
-0.47836	0.43004
1.4303	0.77407
1.2443	0.53293
-0.17277	1.1177
-0.93828	0.3344
-0.36493	-0.34627
-0.74141	0.092177
-1.6071	0.33167
-2.2628	-0.041539
-0.91935	-0.25105
-0.97501	-0.14262
-1.537	0.41232
-0.69932	-0.26045
-1.786	0.13525
-0.12702	0.2209
0.18264	0.30786
-0.51656	0.27916
0.26796	0.15994
0.0046472	0.76058
0.8266	1.1613
1.7348	1.4146
1.1792	1.1715
-0.39203	0.41483
0.10341	-0.56166
0.84535	-0.096138
-1.6089	0.84598
0.18033	0.86664
-1.2288	1.0791
-1.356	0.19638
0.39027	-0.17872
-1.7493	0.063381
-0.89774	0.73784
-0.30763	0.64725
-1.0115	0.75652
-0.66255	0.40056
0.98058	0.8014
-0.14999	0.87059
-0.23493	0.51872
1.8485	1.1666
1.4735	1.0964
1.5216	0.97939
1.5553	0.78829
0.40299	0.31527
-0.30373	-0.26734
0.23368	-0.13787
0.020151	0.6763
-1.0213	0.14336
-0.92068	0.27504
-1.027	-0.071508
-0.22407	-0.73955
-0.24495	-0.69048
-1.9363	-0.51085
-0.71415	-0.57835
-0.39876	-0.45695
0.21507	-0.97697
0.46779	-0.35262
0.29154	0.42604
-0.20976	0.161
1.6124	-0.17948
0.82274	0.16056
0.76571	-0.071591
0.73491	-0.028652
0.74459	-0.51959
0.15789	-0.19991
-1.2663	-0.17372
-0.16963	-0.51117
0.4715	-1.222
0.13584	-1.0275
0.49294	-0.37903
-0.35059	-0.53964
-0.70354	-0.22623
0.29024	-0.15138
-0.33331	-0.6349
1.6445	-0.9831
1.3005	-0.25724
1.5992	-0.58853
1.4229	-0.15057
1.4314	-0.012582
1.1165	0.14062
1.9804	-0.078638
0.060067	-0.79396
-0.87795	0.39816
-0.51739	-0.39823
-0.11974	-0.70199
-0.4953	-1.2552
0.61798	-0.94289
0.13664	-0.66298
0.53088	-0.7553
-1.9209	-1.0344
-1.2423	-2.5642
1.4016	-4.5623
0.38437	-5.7604
-0.20054	-3.5677
-0.94061	2.1624
0.66799	3.9101
-0.75516	3.9657
-0.99475	1.6954
-0.85662	-1.8272
-0.77275	-2.233
-0.77661	-0.50669
0.57428	2.1359
-1.3529	2.689
-0.44721	1.6472
-0.064309	-0.1544
1.418	-1.8385
0.3745	-0.39547
1.7377	0.72662
1.5481	1.973
1.9604	1.4735
1.8638	0.71635
0.63889	-0.71703
0.1168	-0.89502
1.0806	-0.10541
1.1215	0.61725
-1.3676	1.178
-0.0051278	0.08306
0.58973	-1.1757
-0.40507	-1.2877
0.16407	-0.62752
1.1466	0.3818
-0.94539	1.0892
-1.4223	0.10738
-0.065411	0.033108
-0.063611	-0.79819
1.0836	-0.21704
1.0748	0.29257
1.4467	0.68701
1.8282	0.29192
1.6833	0.22274
1.9075	-1.4816
0.038311	-0.39022
0.15484	-0.20972
0.58422	0.31856
-1.6042	0.38513
0.19866	-0.34838
-0.23276	-0.68144
0.098541	-0.82584
0.26531	-0.45147
0.8175	0.28497
0.33621	0.32833
0.64509	0.51805
-0.17358	-0.1461
1.783	-0.92855
0.051831	-0.28128
0.8746	0.31924
1.6662	0.51043
0.51976	0.34925
1.7981	-0.15282
-0.40196	-0.11897
-0.1127	-0.034191
-1.4848	0.15467
-0.71507	0.24031
-0.13681	-0.43996
0.18356	-0.85519
-1.4081	-0.55165
-0.17596	-0.66275
-1.0764	0.048889
-0.93063	-0.4819
-0.79479	0.58561
-1.2253	0.076202
-0.92628	0.1711
0.072364	0.20289
-0.24858	0.207
1.3132	0.50857
0.73567	0.18893
1.1678	-0.33027
1.0572	-0.51383
-0.54878	-0.27738
-1.0981	-0.26113
-0.8571	0.20349
-0.85886	-0.11117
-0.42629	-0.40527
0.24551	-0.67101
-2.2797	0.049067
-0.59556	-0.39784
-1.8747	0.66793
-1.1568	0.28649
-0.87078	0.33387
-1.4548	0.13132
-0.62779	-0.45805
0.41642	0.12411
0.95672	-0.33248
0.7089	0.27049
0.92471	0.66889
0.86797	0.42595
0.61447	0.79116
-1.4672	0.66127
0.60971	-0.06696
-1.5011	0.58722
-1.2048	0.2144
-1.3986	-0.09815
-1.4916	-0.87484
-1.4156	-0.2248
-1.3604	-0.09752
-0.78191	0.48069
-0.70652	0.043312
-0.2523	0.18229
-0.92695	-0.81001
0.59	-0.29378
0.11505	0.60404
-0.74826	0.51968
1.6471	0.77045
1.3337	0.81104
-0.10648	0.98022
-1.1331	0.17052
-0.61427	-0.12704
-0.60287	-0.14097
-1.5702	-0.10629
-2.5304	-0.073854
-1.3082	-0.041636
-1.197	-0.65567
-1.4978	0.5034
-0.71839	-0.37056
-1.5254	0.34684
-0.34846	0.37831
-0.086796	0.11526
-0.049494	0.28252
0.22933	0.010805
0.033257	0.90597
1.0513	0.86948
1.6391	1.3871
1.4617	0.97262
-0.26995	0.45867
0.3733	-0.44603
0.74055	0.1512
-1.5226	0.58022
0.029656	0.70444
-1.3295	1.0578
-1.086	-0.0099225
0.13174	-0.35401
-1.7755	-0.11201
-1.1334	0.48838
0.097583	0.86356
-0.87896	0.57049
-0.34312	0.63919
0.82826	0.68215
0.11195	0.45923
-0.2707	0.65214
2.2439	1.2933
1.6662	0.95376
1.507	0.99721
1.7002	0.85751
0.69111	0.0039389
0.031123	-0.49011
0.60171	-0.63572
0.57453	0.67105
-1.1907	0.29215
-1.0656	0.44976
-1.1929	-0.31037
-0.17117	-0.60959
-0.4065	-0.65956
-1.6651	-0.37053
-1.0421	-0.35951
-0.45547	-0.82219
0.46327	-0.44045
0.14336	-0.05671
0.17037	0.30707
-0.64018	0.089061
1.7498	-0.5207
0.67875	0.20673
0.7371	-0.29041
1.033	-0.26969
0.6413	-0.74679
0.17715	-0.021623
-1.1259	-0.20119
0.056803	-0.24539
0.39581	-1.0631
0.33505	-0.94744
0.53756	-0.1735
-0.52083	-0.56863
-0.59608	-0.23591
0.41386	-0.05164
-0.41993	-0.25948
1.5343	-0.49742
1.2681	-0.15656
1.602	-0.59749
1.3778	-0.22806
1.4619	-0.32865
1.3955	0.22682
1.3817	-0.42122
-0.062655	-0.58094
-0.30379	-0.07077
-0.73548	-0.14201
0.08644	-0.54165
-0.43689	-0.85915
0.60335	-0.9362
-0.048202	-0.55237
0.66828	-0.87945
-1.4359	-1.075
-1.157	-2.3099
1.351	-4.4644
0.4226	-5.7108
0.28409	-3.6436
-0.7956	1.9638
0.26115	3.9809
-0.97815	3.9544
-0.95203	1.6443
-0.91459	-1.7506
-0.75146	-2.4679
-0.57321	-0.31657
0.32252	2.1198
-1.0357	2.7497
-0.10409	1.9589
0.15918	-0.33264
1.6631	-2.1339
0.56131	-0.25342
2.104	0.88089
1.9494	2.275
1.974	1.4597
2.0777	0.53258
0.95966	-0.65499
-0.036072	-0.43645
1.2253	0.05224
0.70097	0.90062
-1.5209	1.0732
-0.10577	0.096456
0.33798	-1.2546
-0.42319	-1.1595
0.41889	-0.68301
0.82581	0.70492
-1.1272	1.0898
-1.5579	-0.045109
-0.37011	-0.28247
0.21667	-0.69847
1.361	-0.76706
0.82666	0.087245
1.4509	0.98908
1.9236	0.34248
1.5207	-0.047761
2.2396	-1.0911
-0.054697	-0.78188
-0.10422	-0.095106
0.091605	0.45536
-1.6015	0.36006
-0.4045	-0.49858
-0.71603	-0.46557
0.32947	-0.98799
0.23658	0.11185
0.91299	0.073541
0.040505	0.44249
0.74893	0.58329
-0.20927	-0.026638
1.4814	-0.76419
0.38938	0.03838
1.1186	0.27208
1.5132	0.71407
0.43055	0.090525
1.7644	-0.13496
-0.46886	-0.10277
-0.091832	-0.16602
-0.99288	0.54893
-0.54112	0.40921
-0.14065	-0.31905
0.16345	-0.62081
-1.1898	-0.41889
-0.36005	-0.62568
-0.90233	0.20484
-0.53644	0.085432
-0.5299	0.70463
-1.0862	-0.10396
-0.51452	0.44204
0.097475	-0.016
0.039371	0.14797
1.0653	0.34076
0.98352	0.29878
1.5384	-0.40892
0.72497	-0.31867
-0.60137	-0.077336
-0.83573	-0.52184
-0.79855	-0.14874
-0.56585	-0.50947
-0.41038	-0.23328
0.16426	-0.67405
-2.3511	-0.4707
-0.76141	-0.24238
-1.5331	0.49347
-1.2513	0.56265
-0.79645	-0.081863
-1.4253	-0.49348
-1.1197	-0.19305
0.49682	-0.25549
0.77836	-0.22166
1.1152	0.61879
0.92042	0.60135
0.80854	0.54832
0.81411	0.67464
-1.3362	0.79782
0.24417	0.33318
-1.3205	0.66256
-0.81295	0.24454
-1.2531	-0.20391
-1.4765	-0.65924
-1.0103	-0.10649
-1.2722	-0.26133
-0.76891	-0.035598
-0.5892	0.11736
-0.40979	0.1174
-0.89086	-0.8608
0.90635	-0.32656
0.31167	0.22346
-0.67254	0.42996
1.9108	0.84594
1.4277	0.97061
-0.077278	1.025
-0.88821	0.35911
-0.70169	-0.02041
-0.47425	-0.18619
-1.4231	0.47854
-2.6453	0.11645
-1.3473	-0.28568
-1.1661	-0.41424
-1.5723	0.18972
-0.90069	-0.30057
-1.6926	-0.073653
-0.34921	0.053496
0.092261	0.61701
-0.087047	-0.2006
0.48283	0.15601
0.02526	0.67468
0.87616	0.91471
1.4872	1.4043
1.4766	1.293
-0.15504	0.51731
0.5243	-0.87771
0.89602	-0.22914
-1.5486	0.67798
0.19487	0.90172
-1.2825	0.72741
-1.3053	0.5878
0.19578	0.14091
-1.4406	-0.34926
-1.519	0.5157
-0.322	0.9858
-1.1255	0.22212
-0.18014	0.27288
0.79896	0.5606
-0.43136	0.61463
-0.44944	0.50839
2.0599	1.0042
1.8005	1.0993
1.5609	1.4119
1.4657	0.94896
0.40682	0.28873
-0.24046	-0.6572
0.25967	-0.55826
0.11148	0.30305
-0.97857	-0.31109
-1.0579	0.22237
-1.0068	-0.25597
-0.10316	-0.36926
-0.30974	-0.71159
-2.0082	-0.84804
-0.87826	-0.070222
-0.86845	-0.64503
0.38245	-0.6051
0.27689	-0.28898
0.13547	0.14336
-0.076323	-0.32612
1.8096	-0.32604
1.0321	-0.24054
1.284	-0.52594
0.78119	0.050907
0.81091	-0.44215
0.48496	0.19335
-1.5356	0.33586
0.1001	-0.33608
0.60285	-0.9288
0.46487	-1.0554
0.27845	-0.63372
-0.39034	-0.078003
-0.17912	-0.075862
0.33994	-0.34185
-0.39842	-0.88057
1.3557	-0.66188
1.488	-0.45921
1.9679	-0.31707
1.192	-0.12256
1.4843	-0.45563
0.77763	-0.01767
1.751	-0.56411
0.46404	-0.55258
-1.1169	0.13392
-0.42683	-0.4081
0.026566	-0.49456
-0.68535	-0.80598
0.48752	-0.88969
0.24188	-0.28674
0.93238	-0.42627
-1.6594	-0.99581
-1.4021	-2.1854
1.3352	-4.6072
0.0022213	-5.5772
0.14792	-3.6599
-0.6738	1.5199
0.29804	3.8679
-0.60239	3.8088
-0.67728	2.0487
-0.55457	-1.6953
-0.80297	-2.8073
-0.74536	-0.49293
0.37701	2.2717
-0.81122	3.2087
-0.25242	2.1772
-0.065277	-0.10166
1.445	-1.6669
0.692	-0.48486
2.0445	0.99558
1.3521	2.1898
1.7476	1.5975
1.7622	0.71763
0.58513	-0.99936
0.32767	-0.59988
1.2076	0.10817
1.0033	0.94002
-1.3971	0.92478
-0.12066	0.52647
0.45865	-1.3205
-0.27506	-1.3664
0.29616	-0.84491
0.88957	0.49657
-0.92559	1.0112
-1.155	0.18884
-0.70773	-0.50709
0.078451	-0.59857
1.4993	-0.7616
0.65705	0.093471
1.5283	0.84795
1.7602	0.53842
1.6632	-0.14215
2.1968	-0.96473
-0.20381	-0.97959
-0.10022	0.15489
0.37086	0.50772
-1.6747	0.34933
-0.32261	-0.18994
-0.42358	-0.51052
0.30017	-0.83769
0.5908	-0.51978
0.5847	0.1895
0.63682	0.34526
0.42111	0.45535
-0.24733	0.051618
1.7482	-0.92753
0.24654	-0.30046
1.073	0.56352
1.5397	0.48248
0.60049	0.41113
1.4854	0.054784
-0.42928	0.055336
0.034331	-0.26555
-1.2449	0.14662
-0.91001	0.12621
-0.3284	-0.52005
0.15173	-0.82779
-0.9814	-0.58614
-0.49602	-0.52764
-0.91219	-0.138
-0.90022	0.11024
-0.62764	0.52514
-0.87599	0.034917
-0.53125	0.29807
-0.045352	0.21991
0.18061	0.56155
1.2841	0.29454
0.62636	0.30147
1.2773	-0.76955
0.772	-0.39167
-0.83293	-0.26762
-0.9623	-0.31214
-0.74796	0.03323
-0.74753	-0.50822
-0.29056	-0.26727
0.19533	-0.90544
-2.2476	-0.12121
-0.55879	0.08699
-1.5783	0.35061
-1.5809	0.52793
-0.96065	-0.35042
-1.2786	-0.36582
-1.206	-0.46794
0.21037	0.044445
0.55728	-0.19895
0.97059	0.73243
1.0926	0.60891
0.75628	0.68496
0.71202	0.89901
-1.6537	0.76852
0.22135	-0.052082
-1.6327	0.79325
-0.8455	0.22472
-1.2765	0.066717
-1.5398	-0.65685
-0.92097	-0.11309
-1.177	-0.16838
-0.67234	0.73393
-0.63322	0.06297
-0.35299	0.29257
-0.77031	-1.0797
0.54873	-0.034805
-0.053199	0.22127
-0.48565	0.24212
1.7872	0.5508
1.6575	0.71765
0.012224	1.4427
-0.86853	0.38812
-0.79498	-0.11912
-0.59254	0.11237
-1.6712	0.4656
-2.3512	0.065203
-1.0625	-0.31125
-1.0495	-0.53657
-1.3966	0.16019
-0.95531	-0.32694
-2.133	0.2193
-0.42686	0.1181
0.2238	0.27435
-0.18475	0.15803
0.27444	0.10664
0.064103	0.44284
1.104	1.1281
1.789	1.5448
1.0037	0.9805
0.014994	-0.033587
0.28071	-0.45173
1.0353	-0.070232
-1.2147	0.74717
0.048985	1.175
-1.2497	0.84153
-1.1859	0.47458
0.26435	-0.24955
-1.4984	0.062428
-1.1175	0.45956
-0.29876	0.85656
-0.85285	0.28284
-0.54623	0.50872
0.91169	0.63026
-0.31657	0.5776
-0.25448	0.43114
2.0031	1.1152
1.677	1.1067
1.344	1.4654
1.6267	1.0059
0.29741	0.59908
0.016213	-0.70497
0.49388	-0.44337
0.0015653	0.58037
-1.2093	0.49448
-1.0551	0.14971
-0.93447	-0.10114
-0.18592	-0.44235
-0.058626	-0.34345
-1.973	-0.51544
-0.9361	-0.43688
-0.2757	-0.57736
0.047396	-0.81034
0.17564	-0.13741
0.1929	0.31497
-0.16791	0.34735
1.8006	-0.42863
0.96236	0.16954
0.81008	-0.26703
0.79545	0.29741
0.69405	-1.0086
0.46486	0.025839
-1.4844	-0.036669
0.023351	-0.50704
0.21314	-0.92993
0.47425	-1.1018
0.09131	-0.61567
-0.3827	-0.33124
-0.5571	-0.13274
0.019133	0.046983
-0.10293	-0.41885
1.4304	-0.37547
1.5796	0.2282
1.7709	-0.40401
1.0312	-0.061955
0.9632	-0.26399
1.2513	-0.15724
1.9054	-0.23502
-0.076709	-0.98824
-0.57619	-0.18152
-0.40533	-0.37572
0.061237	-0.55024
-0.37265	-0.84818
0.38824	-0.76141
0.17664	-0.86754
0.86488	-0.60342
-1.3916	-0.94994
-1.2118	-2.245
1.501	-4.3178
0.47282	-5.5428
0.248	-3.8449
-1.0382	1.7905
0.11465	3.8477
-0.69453	4.0077
-0.98323	2.0062
-0.9623	-1.9302
-1.1031	-2.6656
-0.91927	-0.15123
0.71629	2.3465
-0.94837	2.932
0.044005	1.9559
-0.069235	-0.50905
1.4012	-1.6871
0.83095	-0.58588
2.041	1.0807
1.5873	2.1011
1.9978	1.3763
2.1607	0.76226
0.5186	-1.0075
-0.33456	-0.69502
0.99859	0.35128
1.2025	1.1872
-1.4675	1.1555
-0.053386	0.19411
0.4619	-1.6122
-0.25319	-1.1666
0.066845	-0.75277
0.96434	0.47715
-1.035	1.2799
-1.0949	-0.043865
-0.36139	-0.11957
0.049589	-0.92654
1.016	-0.62602
0.81274	0.11242
1.5809	0.74922
1.6089	0.41642
1.751	-0.16835
1.9457	-1.0443
-0.10805	-1.0634
-0.24744	0.1267
0.15599	0.51371
-1.7483	0.62196
-0.38111	-0.42116
-0.29698	-0.22591
0.24797	-0.65893
0.21957	-0.23671
0.80011	-0.078793
0.54174	0.35391
0.29878	0.6283
-0.46894	-0.16978
1.8888	-0.71279
0.4566	-0.50231
1.0983	0.30134
1.8819	0.53587
0.53135	0.35304
1.6279	-0.29048
-0.16173	-0.35007
-0.08963	-0.07584
-1.0901	0.41631
-0.87825	0.11011
0.25513	-0.51557
0.12755	-0.63547
-1.3436	-0.57605
-0.49329	-0.53848
-1.0297	-0.27523
-1.1832	-0.29885
-0.24303	0.52587
-1.1324	0.46586
-0.2301	0.16752
0.0069029	0.31319
-0.38586	0.12945
1.1959	0.39468
0.5271	0.4294
1.2308	-0.56605
0.52019	-0.34144
-0.53643	-0.093965
-0.96877	-0.23157
-0.59131	-0.041822
-0.76327	-0.59828
-0.33837	-0.17602
0.36399	-0.45093
-2.2441	-0.14179
-0.41869	-0.18556
-1.648	0.53972
-1.3503	0.69691
-0.70316	0.12651
-1.2279	-0.55302
-0.84074	-0.044844
0.48635	0.091777
0.78506	-0.32192
0.80658	0.51056
0.98401	0.48282
0.7928	0.60344
0.64426	0.43199
-1.4888	0.76593
-0.0059119	0.36325
-1.4996	0.22532
-0.58073	-0.11413
-1.1698	-0.11487
-1.5384	-0.28725
-0.87189	-0.1783
-1.0935	0.015224
-1.0335	0.20785
-0.63712	-0.10883
-0.61878	-0.067286
-0.70938	-0.78697
0.57009	-0.38826
0.31229	0.36416
-0.79878	0.34846
1.4295	0.80102
1.5805	0.71522
-0.3295	1.0722
-0.88062	0.26785
-0.4971	-0.2683
-0.66471	-0.038116
-1.8533	0.57828
-2.4894	0.056739
-1.2954	-0.33263
-1.1694	-0.22056
-1.3155	0.15171
-0.72096	-0.28411
-1.9843	0.34225
-0.58603	-0.094179
0.31272	0.4815
-0.20625	0.32786
0.2801	0.25958
0.12759	0.45828
1.2934	0.9808
1.5454	1.4594
1.2575	1.2877
-0.13411	0.26197
0.026036	-0.32348
0.73868	0.0014061
-1.4808	0.76758
0.040985	1.1059
-1.3142	0.9528
-1.001	0.37041
0.14284	-0.134
-1.4192	-0.11158
-1.0876	0.56606
0.20707	1.0436
-1.2164	0.70877
-0.47647	0.44265
0.79583	0.5228
-0.14613	0.55093
0.20639	0.35264
1.7926	0.95502
1.7993	0.99326
1.6445	1.1984
1.697	1.1117
0.4024	0.37289
-0.12257	-0.32429
0.46415	-0.36293
0.3897	0.55064
-1.2711	0.50775
-1.4119	0.39566
-0.98446	-0.20927
0.041044	-0.50157
-0.41199	-0.60593
-2.0123	-0.87405
-1.0004	-0.070627
-0.93993	-0.69132
0.015214	-0.82143
0.25875	-0.039442
0.31149	0.91268
-0.053865	-0.0245
2.026	-0.31647
0.69802	0.18701
0.92432	-0.10822
0.71489	-0.042638
0.68124	-0.7175
0.15764	0.22706
-1.1174	-0.015519
-0.018364	-0.54199
0.43016	-0.73595
0.22379	-1.178
0.59509	-0.34169
-0.18644	-0.23722
-0.77847	-0.526
0.32807	-0.24301
-0.70683	-0.89872
1.6327	-0.50255
1.3461	-0.11257
1.5092	-0.19344
1.522	0.091077
0.90698	-0.3656
1.2958	-0.024133
1.7779	-0.50631
0.12976	-0.79514
-0.42037	0.096624
-0.6874	-0.57906
0.41244	-0.38498
-0.60227	-0.78108
0.72788	-0.96325
0.089152	-0.56773
0.84626	-0.62825
-1.5065	-1.1664
-1.396	-2.4765
1.6282	-4.3703
0.28809	-5.3821
-0.21609	-3.7179
-0.62776	1.6548
0.57609	3.9821
-0.90425	3.9968
-1.1166	1.713
-0.73993	-1.954
-1.0196	-2.7586
-0.79705	-0.24077
0.71011	2.4835
-1.0468	2.7506
0.050257	1.6963
-0.052555	-0.083578
1.5654	-1.7553
0.69531	-0.43513
2.2725	0.8436
1.7824	1.9486
1.8324	1.5883
1.7614	0.9936
0.69903	-0.73107
0.27855	-0.64198
1.1783	0.0068784
0.88805	0.87523
-1.2259	1.0705
-0.10906	0.12315
0.58914	-1.1431
-0.16822	-1.333
0.18916	-0.60102
0.74517	0.5422
-1.284	0.98876
-1.3146	0.10507
-0.60118	0.11902
-0.40729	-0.96288
1.1835	-0.50074
0.95181	0.26356
1.3917	0.76183
1.9146	0.56485
1.7621	0.042146
1.9018	-1.2152
-0.077366	-0.8306
-0.31765	-0.33895
0.027086	0.56134
-1.4448	0.21196
-0.079591	-0.60635
-0.49907	-0.3507
0.221	-1.1595
0.1721	-0.37231
0.73344	0.076142
0.36909	0.4463
0.26456	0.30613
-0.12977	-0.19178
1.5964	-1.0687
0.37885	-0.035111
0.91258	0.61246
1.6685	0.33842
0.25118	0.27052
1.7208	0.10979
-0.30155	0.013931
0.39181	-0.062357
-1.5098	0.55132
-0.78421	0.32647
-0.068082	-0.56809
0.32519	-1.0619
-1.2227	-0.36296
-0.26007	-0.37143
-0.58193	0.12306
-0.79745	-0.54546
-0.68175	0.28725
-1.1816	-0.086188
-0.65215	0.062109
-0.12144	0.31632
-0.55288	0.54363
1.3036	0.57893
0.72704	0.38673
1.094	-0.17787
0.86388	-0.42393
-0.52795	0.05733
-0.96387	0.00067632
-0.79913	-0.0075435
-0.56723	-0.2275
-0.5333	-0.27719
0.23251	-0.61977
-2.4945	-0.25755
-0.64129	0.041776
-1.6762	0.47468
-1.3843	0.55905
-0.77839	-0.22614
-1.1448	-0.26691
-1.0195	-0.28906
0.12765	0.16097
0.6981	-0.44011
1.029	0.34568
1.3693	0.95528
0.66793	0.67866
0.604	0.46728
-1.4271	0.70479
0.20816	0.3973
-1.6543	0.29059
-0.8838	0.41418
-1.2643	-0.47247
-1.3586	-0.72633
-0.91222	-0.10743
-1.3198	0.20334
-0.85987	0.4442
-0.58184	0.21606
-0.4035	0.19007
-0.61655	-0.69369
0.96739	-0.095352
0.067196	0.40988
-0.42702	0.18004
1.1909	0.57886
1.5555	0.67345
-0.07064	0.92651
-1.0586	0.49688
-0.43227	-0.49916
-0.47089	0.17013
-1.8202	-0.024039
-2.5362	0.22911
-1.1268	-0.23209
-1.0714	-0.33076
-1.3045	0.11622
-0.85486	-0.28323
-1.4288	0.095985
-0.14267	0.052959
-0.069459	0.41548
-0.29329	0.33007
0.093751	-0.10001
0.084087	0.634
1.0753	1.2107
1.8517	1.3656
1.4989	0.86157
-0.10002	0.47792
0.037888	-0.53516
0.66887	-0.18447
-1.3595	0.54951
0.037991	0.89518
-1.3081	1.0817
-1.023	0.54817
0.23228	-0.2756
-1.7638	0.11765
-1.4007	0.65568
-0.12964	0.66758
-0.98562	0.23694
-0.43175	0.50189
0.67574	0.28539
-0.27409	0.53138
-0.32184	0.37691
1.5543	1.1318
1.6527	1.3902
1.3872	0.9567
1.5459	1.011
0.17811	0.48732
0.17067	-0.31719
0.53277	-0.47482
0.02013	0.42088
-0.809	0.20574
-0.87274	0.35081
-1.2198	-0.15847
-0.22801	-0.5565
-0.45866	-0.67968
-2.0255	-0.7235
-0.8293	-0.31245
-0.4828	-0.89147
-0.0013166	-0.48272
0.66743	-0.36979
0.085234	0.31029
-0.31006	0.025722
2.0346	-0.32453
0.97388	0.45761
1.0356	-0.095557
0.97764	-0.23171
0.67271	-0.44685
0.58924	0.15069
-1.3347	-0.27078
-0.30259	-0.37128
0.3575	-0.88915
0.48374	-1.2131
0.65093	-0.51942
-0.11898	-0.20023
-0.43443	-0.40818
0.29351	0.17877
-0.3507	0.11662
1.654	-0.85406
1.7258	-0.20013
1.828	-0.10769
1.544	-0.046145
1.1178	-0.47275
0.96724	0.13924
1.8382	-0.31137
0.083608	-0.63791
-0.84918	0.20136
-0.58666	-0.24131
0.27094	-0.56474
-0.4384	-0.74313
0.43791	-1.1636
0.22579	-0.71667
0.73185	-0.45092
-1.3694	-1.2463
-1.3551	-2.5616
1.2233	-4.5572
0.36364	-5.8564
-0.028527	-3.7496
-0.6048	1.5864
0.37029	3.9483
-1.0481	3.9225
-0.77627	1.7444
-0.95831	-1.6791
-0.86995	-2.5385
-0.81582	-0.24287
0.65942	2.3222
-1.0738	2.9567
-0.080527	1.8653
-0.31916	-0.67131
1.5701	-1.8624
0.57387	-0.51163
1.8601	0.83735
1.4467	1.6641
1.8341	1.5344
1.9886	0.57486
0.55887	-0.93416
0.022331	-0.74309
0.8279	0.0073773
0.94574	0.97216
-1.3984	1.0709
-0.22518	0.1129
0.60264	-1.4984
-0.23717	-1.2291
0.16863	-0.6867
1.0485	0.19992
-0.84658	1.1295
-1.2616	0.073959
-0.58319	-0.26081
0.2698	-0.45771
1.1268	-0.57025
0.90158	0.21607
1.3725	0.90294
1.812	0.26062
1.4257	-0.19024
1.8645	-1.0701
0.039841	-0.50998
-0.070936	-0.10225
0.038885	0.29019
-1.3725	0.24995
-0.099006	-0.056944
-0.42845	-0.39529
0.40025	-0.92167
0.05987	-0.27597
1.0497	0.15303
0.24266	0.68909
0.34626	0.30424
-0.034554	-0.076153
1.8419	-0.87866
0.51659	0.11835
1.0771	0.017799
1.7753	0.53714
0.37015	0.52173
1.3442	-0.10284
-0.15671	-0.56633
-0.026338	-0.35309
-1.0133	0.51198
-0.38432	0.51064
0.11796	-0.47619
-0.099108	-0.56473
-1.3759	-0.48978
-0.32257	-0.41865
-0.56106	0.11808
-0.89269	-0.30439
-0.50676	0.22584
-0.94939	0.15411
-0.37283	0.51224
0.25711	0.47021
-0.063608	0.12864
1.339	0.38403
0.94933	0.37065
1.2109	-0.41997
0.87198	-0.45332
-0.93548	-0.2114
-0.93522	-0.27827
-0.87952	-0.096054
-0.66523	0.0077881
-0.511	-0.17716
0.084078	-0.79161
-2.4727	-0.3177
-0.62425	-0.20584
-1.3808	0.47611
-1.1827	0.35008
-0.71224	-0.016857
-1.4046	-0.44925
-0.8526	-0.18577
0.40309	0.023775
0.9649	-0.67483
0.97418	0.57981
1.2869	0.64125
0.64596	0.70948
0.55355	0.7726
-1.3246	0.86496
0.40404	0.14285
-1.4805	0.75118
-1.285	0.3174
-1.4546	0.12108
-1.4709	-0.83308
-0.77268	0.16172
-1.3462	-0.044877
-0.83196	0.41525
-0.53335	0.22935
-0.42304	0.25491
-0.73265	-0.7978
0.7923	-0.10353
0.18675	0.37912
-0.69205	0.37234
1.3457	0.97333
1.6782	0.98524
-0.38705	1.0063
-1.2766	0.061914
-0.49353	-0.086774
-0.67899	-0.36785
-1.5946	0.36369
-2.6161	0.37531
-1.4774	-0.31728
-1.2604	-0.24986
-1.7922	0.51468
-0.3517	-0.26634
-1.6854	0.12784
-0.37946	0.3279
-0.070823	0.45671
0.035625	0.085257
0.4426	-0.026674
0.15851	0.5438
0.92792	1.1328
1.3697	1.4288
1.4781	1.0997
-0.1324	0.27492
0.19695	-0.42354
0.76088	0.034335
-1.7095	0.63833
0.20843	1.1113
-1.1144	1.322
-1.0578	0.30794
0.27697	-0.24622
-1.8332	0.0089668
-1.3151	0.87765
0.029737	0.74911
-0.90248	0.45255
-0.36006	0.59589
1.0217	0.83054
-0.24735	0.75259
-0.31926	0.75002
2.0608	0.90903
1.8222	1.155
1.4514	1.1971
1.7477	1.0769
0.58445	0.55031
-0.21657	-0.53661
0.31211	-0.53388
0.36926	0.11215
-0.62127	0.28404
-1.3703	0.16854
-1.2681	-0.31221
-0.044031	-0.36047
-0.53055	-0.48483
-1.7976	-0.61542
-0.56016	-0.56498
-0.71278	-0.54657
0.10319	-0.62632
0.35411	-0.16723
0.32857	0.1974
-0.16252	0.20605
1.6884	-0.31817
0.7015	0.33256
1.0225	-0.54088
0.90225	-0.29061
0.58668	-0.48125
0.39678	0.26357
-1.2676	-0.0389
0.021166	-0.41613
0.4996	-0.83775
0.66791	-0.83324
0.32184	-0.6562
-0.17012	-0.48526
-0.64708	-0.3413
0.093107	-0.010945
-0.19078	-0.36204
1.6717	-0.66337
1.5067	-0.27947
1.99	-0.44469
1.5236	-0.13413
1.3038	-0.035076
1.0671	0.19997
2.037	-0.39018
0.31347	-0.33281
-0.96004	-0.088439
-0.70946	-0.49726
0.14445	-0.58144
-0.77914	-1.0106
0.51134	-0.83126
0.093552	-0.51275
0.47957	-0.56785
-1.907	-1.1618
-1.1899	-2.5188
1.2119	-4.5293
0.43998	-5.576
-0.13459	-3.7281
-0.69976	1.9049
0.49731	3.8295
-0.80794	3.7506
-1.1927	1.5725
-0.49241	-1.6973
-1.0622	-2.7082
-0.71981	-0.47064
0.79737	2.1933
-0.95482	3.0695
-0.10762	1.8212
0.15381	-0.43862
1.3701	-2.0602
0.47197	-0.64522
2.3081	0.48898
1.9506	1.7324
1.7906	1.4336
2.0191	0.68994
0.60814	-0.63976
0.22343	-0.69769
0.6587	0.20953
0.86137	0.70076
-1.2242	0.98799
0.27539	0.49981
0.56863	-1.7867
-0.42723	-1.3815
-0.16091	-1.1532
1.1975	0.56817
-0.92075	0.7332
-1.1263	0.28082
-0.35813	-0.17358
-0.16465	-1.0712
1.5058	-0.58756
0.76527	-0.13216
1.6874	1.0584
1.9647	0.50528
1.4358	0.09706
2.0573	-1.231
0.1004	-0.4504
0.11701	-0.20218
-0.043995	0.32885
-1.5793	0.44359
-0.37736	-0.42154
-0.69942	-0.28399
0.57828	-0.95171
-0.02596	-0.5168
0.87249	0.36644
0.15399	0.58356
0.39135	0.1867
-0.2414	-0.27525
1.7139	-0.97585
0.093612	-0.16655
1.0606	0.27946
1.8466	0.10149
0.49	0.055311
1.7909	-0.26728
-0.77065	-0.22476
-0.061837	-0.097582
-1.2138	0.075233
-0.8316	0.16616
-0.032634	-0.4541
0.21495	-0.51879
-0.9273	-0.60971
-0.44128	-0.4627
-0.8673	0.14375
-0.76012	0.059635
-0.60864	0.47106
-1.0458	-0.038721
-0.26465	0.34189
-0.26472	0.30935
-0.13728	0.36291
1.1811	0.65019
1.17	0.053731
1.468	-0.36832
0.81193	-0.7078
-0.70515	-0.22287
-1.1326	-0.5475
-0.8789	0.012588
-0.76758	0.075239
-0.62521	-0.054689
0.14545	-0.35574
-2.234	-0.11941
-0.36615	0.052807
-1.5528	0.52311
-1.0583	0.47837
-0.63096	0.12183
-1.385	-0.015794
-0.83718	-0.12509
0.27683	-0.00070075
0.49337	-0.096307
0.72856	0.35505
1.4994	0.84648
0.78318	0.91118
0.50675	0.62513
-1.4803	0.91475
0.27181	-0.097727
-1.6142	0.27612
-0.90012	0.19202
-1.3934	0.031252
-1.4155	-0.63251
-1.1114	-0.1678
-1.2196	-0.12451
-0.55256	0.24581
-0.55705	0.71033
-0.20711	0.18708
-0.54822	-0.5419
0.46721	-0.57826
0.3375	0.33665
-0.35426	0.40936
1.3929	0.97513
1.3482	0.72065
-0.20328	1.2156
-1.062	0.20416
-0.47786	-0.28827
-0.80009	0.078725
-1.7144	0.20726
-2.4551	-0.024265
-0.88606	-0.16269
-1.2971	-0.25841
-1.8161	0.6661
-0.59408	-0.16168
-1.8811	0.4314
-0.38927	0.28373
0.040377	0.44321
-0.10184	0.15994
0.42743	0.063844
-0.10652	0.48898
1.294	0.95404
1.7389	1.3526
1.2058	1.171
0.066094	0.26857
0.4704	-0.61239
1.1732	0.10651
-1.253	0.79696
0.2901	0.73059
-1.1455	1.0637
-1.3386	0.38873
0.18728	-0.16829
-1.8236	-0.25525
-1.2054	0.77575
-0.32286	0.94506
-0.61558	0.63556
-0.72202	0.46258
0.52453	0.73675
-0.41455	0.66378
-0.26208	0.39224
1.8776	1.1005
1.7165	1.1336
1.2988	1.1479
1.8367	0.98649
0.34441	0.35126
-0.049723	-0.08699
0.37282	-0.56992
0.12782	0.41446
-0.87617	0.46493
-1.2477	0.15186
-0.99908	-0.2644
-0.13004	-0.83804
-0.16817	-0.6856
-1.5177	-0.72733
-0.83531	-0.47289
-0.57866	-0.50532
0.11396	-0.65669
0.29872	-0.25148
0.40796	0.18637
-0.17898	-0.041799
1.7316	-0.13788
1.1557	-0.060429
0.9825	-0.31834
0.97503	-0.1843
0.49344	-0.51511
0.58459	0.07245
-1.205	-0.22305
-0.11634	-0.3614
0.47302	-0.85927
0.19391	-1.0705
0.25399	-0.63442
-0.50078	-0.10707
-0.65348	-0.62498
0.16764	-0.16879
-0.31062	-0.22067
1.3331	-0.84031
1.6611	-0.30417
1.7436	-0.35472
1.38	0.24786
1.178	-0.068737
1.089	0.098691
1.7399	-0.36333
-0.050451	-0.58958
-0.74719	-0.16856
-0.8888	-0.39552
-0.0458	-0.6016
-0.43119	-0.77
0.56399	-0.93015
0.33031	-0.42296
1.0582	-0.84734
-1.7334	-1.1184
-1.3269	-2.5683
1.3835	-4.8435
0.35406	-5.5693
-0.14504	-3.6044
-0.93467	1.9178
0.5444	3.9906
-0.69007	3.7267
-0.98242	1.9492
-0.68167	-1.8825
-0.97264	-2.6455
-0.75922	-0.54174
0.57634	2.0504
-0.95013	2.8695
-0.17592	2.089
0.28552	-0.39031
1.5425	-1.8542
0.45297	-0.41728
1.7305	0.45897
1.7154	2.0407
1.7685	1.6381
2.1151	0.70576
0.87793	-1.2178
-0.1026	-0.84553
1.2921	-0.026669
1.1407	0.65009
-1.5357	1.1576
0.20788	0.13149
0.43458	-1.0944
-0.27171	-1.3915
0.23165	-0.91146
0.93822	0.43009
-1.1692	1.0873
-1.3676	0.17408
-0.53855	-0.29191
0.12181	-0.78919
1.5261	-0.73441
0.99996	0.058411
1.2751	1.3225
1.7316	0.4179
1.8178	0.41583
1.8592	-1.0428
0.18652	-0.53051
-0.34544	-0.1973
0.34664	0.47132
-1.7216	0.31909
-0.045238	-0.25691
-0.47979	-0.67576
0.37427	-0.65587
0.5467	0.041987
0.65587	-0.091873
0.45068	0.35887
0.91915	0.28155
-0.12023	-0.032492
1.6973	-1.1106
0.092996	-0.26154
0.89442	0.37581
1.8158	0.5547
0.51381	0.44954
1.7218	-0.16643
-0.33141	-0.47796
0.19003	-0.13442
-0.94252	0.3811
-0.83369	0.19325
0.18428	-0.72087
0.51674	-0.6522
-1.0255	-0.43502
-0.57187	-0.67024
-0.77734	0.39055
-0.71853	-0.16662
-0.56565	0.43997
-0.89702	0.17748
0.064842	0.24267
0.36919	0.37895
-0.37823	0.14977
1.1858	0.18734
0.70582	0.50433
1.1672	-0.53644
1.0094	-1.0412
-0.43725	-0.14576
-0.75521	-0.098591
-1.1521	-0.10671
-0.73023	-0.31377
-0.54672	-0.52686
0.12546	-0.86308
-2.077	-0.21569
-0.56428	-0.1202
-1.4697	0.38692
-1.1124	0.33294
-1.0742	-0.20867
-1.4359	-0.16219
-0.50902	-0.21383
0.47287	-0.055057
0.90143	-0.25372
0.57267	0.37647
1.1127	0.6683
0.69466	0.49383
0.55329	0.78831
-1.8815	0.44349
0.5092	0.22297
-1.3389	0.40799
-0.82874	-0.065749
-1.5278	0.091751
-1.1623	-0.6673
-0.97911	0.27957
-1.3363	-0.06135
-0.59552	0.26456
-0.58688	0.17162
-0.51609	0.078449
-0.8583	-0.50236
0.71935	-0.30841
0.04072	0.72495
-0.44011	0.038472
1.2305	0.68104
1.4481	0.38703
-0.1115	1.0253
-1.0265	0.28511
-0.54186	-0.18063
-0.99632	-0.38315
-1.6184	0.38338
-2.7258	0.0048531
-1.0002	-0.33441
-1.1085	-0.45889
-1.4781	0.36821
-0.48885	-0.00083414
-1.8278	0.17746
-0.30591	-0.10928
-0.1846	0.54221
-0.057924	0.10619
0.3765	-0.34961
-0.017089	0.41175
1.3366	0.9059
1.5645	1.5518
1.524	0.81662
-0.34012	0.66911
0.19971	-0.55921
0.79008	0.13093
-1.6247	0.99917
-0.11765	0.97027
-1.1413	0.78924
-1.1853	0.29545
0.56405	0.078628
-1.63	-0.095189
-1.597	0.63347
0.066582	0.83037
-0.73635	0.5769
-0.55325	0.54063
1.0682	0.72122
-0.12477	0.60543
0.030992	0.4233
1.7428	1.4526
1.7074	1.0408
1.6478	1.2647
1.4115	0.7611
0.59869	0.30405
0.43094	-0.26231
0.73474	-0.54558
-0.19519	0.53099
-1.0724	0.04135
-0.70923	0.27094
-0.95628	-0.32872
0.069969	-0.63255
-0.39133	-0.41466
-2.0037	-0.849
-0.66204	-0.38191
-0.33822	-0.51238
0.36922	-0.87491
0.20116	-0.031684
0.21161	0.32561
-0.21452	0.20705
2.0866	-0.74712
0.45391	0.13704
1.0139	-0.57182
0.90506	0.17214
0.55081	-0.67257
0.2851	0.20308
-1.1218	-0.20155
0.21781	-0.5091
0.7042	-0.86158
0.32373	-1.3032
0.53885	-0.57098
0.21753	-0.30132
-0.28955	-0.20572
0.50143	-0.28468
-0.48031	-0.54733
1.2987	-0.70526
1.475	-0.38502
1.7845	-0.36643
1.0076	-0.27955
1.3746	-0.13672
1.0682	-0.34947
1.9582	-0.57233
0.028314	-0.73775
-0.8939	-0.092912
-0.69974	-0.44114
0.2534	-0.4826
-0.47319	-0.91622
0.008418	-0.97227
0.11908	-0.55676
0.81865	-0.84474
-1.7637	-1.0271
-1.1786	-2.5938
1.2919	-4.6315
0.69847	-5.6754
-0.0517	-4.0175
-0.69823	1.8259
0.28567	3.8224
-0.92263	3.7095
-1.0277	1.9046
-0.64408	-1.8041
-1.1833	-2.5369
-1.034	-0.42532
0.29285	2.1843
-0.79245	3.068
-0.36572	1.941
0.22918	-0.01804
1.4067	-1.7861
0.69519	-0.30822
2.1571	0.68708
1.5298	1.7518
1.8988	1.6995
2.0496	0.6446
0.6082	-0.73562
-0.096788	-0.82145
0.82802	0.027393
1.1063	0.88758
-1.3485	1.1143
-0.42422	0.16741
0.23787	-1.6203
-0.30118	-1.4552
0.37402	-0.74429
1.2358	0.80352
-0.94186	1.2151
-1.3801	0.24576
-0.16243	-0.25438
-0.053718	-0.87789
0.99298	-0.44693
0.65772	0.26939
1.2073	0.88879
1.6655	0.18921
1.6757	0.10449
1.8008	-1.0549
-0.073706	-0.58329
-0.051792	0.045846
0.093415	0.2903
-1.6609	0.43201
-0.20117	-0.61317
-0.71178	-0.26596
0.89384	-0.78347
0.40351	-0.35995
0.9601	0.24325
0.43925	0.38977
0.89701	-0.018935
-0.11862	-0.18466
1.6488	-0.81713
0.13969	0.017609
0.75469	0.52165
1.5195	0.51346
0.53971	0.36676
1.4989	-0.13212
-0.32865	0.049709
0.022287	-0.49801
-1.2893	0.12422
-0.51742	0.091416
0.38377	-0.43859
0.22906	-1.0453
-0.93901	-0.54211
-0.35541	-0.53756
-0.77201	0.37701
-0.88999	-0.19992
-0.59931	0.46057
-0.84241	-0.17473
-0.65285	0.020142
-0.09376	0.21979
-0.23954	0.21897
1.2099	0.69928
0.51539	0.45059
1.6163	-0.60467
0.59044	-0.5551
-0.66675	-0.6426
-0.98366	-0.46233
-0.92156	-0.015509
-0.80481	-0.40473
-0.81844	-0.32879
-0.28573	-0.64642
-2.1587	-0.16362
-0.34332	0.11
-1.7529	0.27175
-1.1061	0.65568
-0.53731	-0.087204
-1.2417	-0.19121
-0.85157	-0.33105
0.44577	0.14925
1.1188	-0.049765
0.88511	0.14982
1.1415	0.80066
0.85701	0.29628
0.61994	0.64914
-1.5697	0.61006
0.3021	0.17321
-1.5695	0.21313
-0.67336	0.027045
-1.3762	-0.12924
-1.3447	-0.64417
-0.70627	-0.064942
-1.3021	-0.022422
-1.2368	0.74705
-0.80144	0.15417
-0.78493	-0.018914
-1.0364	-0.64169
0.54524	-0.45617
0.015259	0.45104
-0.93772	0.40847
1.3158	0.42787
1.5048	0.84925
0.019033	1.5169
-0.88994	0.64581
-0.65483	0.094443
-0.50264	-0.036912
-1.8639	0.45444
-2.4952	-0.26048
-1.0764	-0.1522
-1.1268	-0.043203
-1.4778	0.6774
-0.72725	-0.4075
-1.5064	0.53239
-0.34319	0.11816
0.15684	0.56253
-0.092777	0.39176
0.0087059	0.20992
-0.13433	0.70163
1.1869	0.77462
1.6303	1.6395
1.594	1.2651
-0.095142	0.70147
-0.10248	-0.65359
0.87379	-0.19085
-1.3512	0.65623
0.080765	0.45547
-0.94481	0.73658
-1.3489	0.25457
0.055618	-0.076139
-1.6028	0.091281
-1.7113	0.28455
-0.19761	0.29153
-1.068	0.39459
-0.36528	0.4752
0.93063	0.52325
-0.11656	0.97323
0.060553	0.93975
1.4709	0.75606
1.9024	1.6042
1.3677	1.4896
1.2618	0.75618
0.42158	0.24331
-0.071924	-0.39731
0.2317	-0.25593
-0.053614	0.14519
-1.296	0.14707
-1.1271	0.20594
-0.76399	-0.096737
-0.041285	-0.26642
-0.49963	-0.57372
-1.5806	-0.62355
-1.0342	-0.20625
-0.77001	-0.71641
0.33092	-0.65251
0.40717	-0.095558
0.055147	0.34652
0.047386	-0.043213
1.8995	-0.20248
0.8925	0.11994
0.7773	-0.43582
0.90404	-0.083854
0.74614	-0.57894
0.16407	0.17192
-1.2935	-0.12725
-0.032722	-0.19746
0.40392	-0.88762
0.14755	-1.1317
0.55884	-0.17761
-0.35839	-0.41079
-0.5229	0.032905
0.24796	-0.23921
-0.3671	-0.44643
1.5476	-1.0314
1.37	-0.049766
1.8907	-0.34572
0.95981	-0.12289
0.91004	0.15949
1.258	0.23194
1.7067	-0.50482
0.41982	-0.46137
-0.6556	-0.1857
-0.80861	-0.53107
0.073807	-0.53871
-0.47965	-0.61639
0.38198	-0.87037
0.28995	-0.70108
0.52232	-0.67299
-1.4985	-1.189
-1.2049	-2.2946
1.5127	-4.7348
0.54428	-5.5514
0.35835	-3.6776
-0.76181	1.5262
0.48377	3.8915
-0.88266	3.698
-1.2835	1.9023
-0.49216	-1.8404
-0.69724	-2.4395
-0.99978	-0.2036
0.85482	2.0186
-0.9003	2.845
-0.31849	2.0628
-0.15312	-0.245
1.5659	-2.1209
0.66641	-0.48555
1.739	0.65189
1.5368	2.2267
1.7544	1.8636
1.8372	0.59347
0.65437	-0.82056
0.03072	-0.87438
1.1167	0.17467
1.0326	1.1689
-1.4622	1.0531
-0.25239	0.34334
0.53222	-1.0701
-0.46125	-1.2078
0.25996	-0.97527
1.0849	0.38948
-1.385	1.3786
-1.4159	0.34836
-0.60379	-0.50798
-0.11662	-1.1858
1.189	-0.53317
1.2871	-0.091873
1.4691	0.67506
2.1372	0.18736
1.2904	-0.28899
1.8596	-1.1833
-0.093793	-0.77615
0.016938	-0.18569
0.27326	0.38593
-1.36	0.44135
-0.1323	-0.69916
-0.10632	-0.29967
0.36546	-0.69915
0.55203	-0.58075
0.98542	0.036318
0.10313	0.36233
0.49362	0.22604
-0.18018	-0.17111
1.9995	-0.82354
0.09355	-0.18419
0.86863	0.33448
1.5394	0.56306
0.22955	0.44536
1.7443	-0.18101
-0.53455	0.032373
0.18074	-0.16099
-1.0931	0.45519
-0.93849	0.30419
-0.29516	-0.51022
0.16205	-0.7942
-1.4516	-0.55246
-0.55254	-0.40388
-0.44421	-0.024996
-0.51753	-0.19706
-0.92345	0.57914
-0.91222	0.08606
-0.82714	0.46031
0.386	0.031401
-0.49034	0.46704
1.3784	0.17229
0.8638	0.39932
1.3501	-0.70112
0.69732	-0.62308
-0.4714	-0.43572
-1.1774	-0.49186
-0.8728	-0.18238
-0.49763	-0.39806
-0.19046	-0.35568
0.22845	-0.43081
-2.4579	0.035563
-0.59733	-0.27673
-1.6219	0.50449
-1.3857	0.45755
-1.1422	-0.13863
-1.3281	-0.084333
-0.95751	-0.22
0.1412	-0.068588
0.83672	-0.25391
0.83719	0.3773
0.8059	0.81481
0.62683	0.5212
0.84013	0.66448
-1.785	0.73587
0.19557	0.24507
-1.5207	0.14434
-0.74699	0.59643
-1.0768	-0.041345
-1.3378	-0.47392
-1.0151	-0.31178
-1.2549	0.073602
-1.0981	0.3089
-0.8277	0.11814
-0.78835	-0.073593
-0.4545	-0.022186
0.54394	-0.44543
0.15467	0.13862
-0.88842	-0.03732
1.2671	0.91769
1.9255	0.56053
-0.4783	1.1566
-0.86246	0.32823
-0.63373	-0.1139
-0.81171	-0.11476
-1.8385	0.14005
-2.3918	-0.068492
-1.0503	-0.35201
-1.2691	-0.29919
-1.1541	0.29667
-0.58474	-0.28867
-1.8725	0.3107
-0.057841	0.17044
0.071334	0.30858
-0.29472	0.30072
-0.0065106	-0.11158
-0.042411	0.54716
0.59059	0.72951
1.6419	1.3602
1.2864	0.9975
-0.20607	0.4566
0.29438	-0.41667
1.0726	0.22713
-1.7369	0.61961
0.41644	0.60088
-1.2537	1.0811
-1.2189	0.43308
-0.077168	-0.28428
-1.9252	0.38027
-1.4799	0.64711
-0.069277	0.86422
-1.0872	0.67518
-0.85902	0.66303
0.9391	0.48812
-0.065242	0.61464
-0.30508	0.81241
1.7607	0.96237
1.527	1.2098
1.3775	1.489
1.4341	0.74195
0.36028	0.36274
0.076398	-0.416
0.41267	-0.32974
0.17816	0.48882
-1.0782	-0.038154
-1.1189	0.50723
-1.3838	-0.64602
-0.14734	-0.64357
-0.26191	-0.64913
-1.6356	-0.45554
-0.53461	-0.25543
-1.0189	-0.67293
0.41443	-0.84218
0.11791	-0.16357
0.047886	0.3544
-0.39113	-0.18048
1.8907	-0.25017
0.8879	0.070478
0.87881	-0.35288
0.81166	-0.046555
0.58638	-0.69021
0.23461	-0.5371
-1.3685	-0.46452
-0.25896	-0.372
0.50445	-0.697
0.63299	-1.0645
0.64334	-0.44344
-0.1371	-0.4913
-0.5439	-0.25459
0.42388	-0.40687
-0.51118	-0.56762
1.6298	-0.75485
1.7544	-0.17825
1.6643	-0.44597
1.1547	-0.44845
1.3061	-0.19583
1.0154	-0.37337
1.6657	-0.59083
0.20869	-0.73012
-0.88279	0.23079
-0.7875	-0.25166
0.16541	-0.48418
-0.57067	-0.7725
0.47134	-0.82471
-0.055684	-0.35768
0.81202	-0.88202
